0 0.08984375 0.2375 0.090625 0.24375
0 0.18984375 0.15520833333333334 0.0734375 0.17708333333333334
0 0.646875 0.7572916666666667 0.1515625 0.45208333333333334
0 0.63359375 0.36666666666666664 0.0984375 0.27708333333333335
0 0.6875 0.32708333333333334 0.0875 0.2916666666666667
0 0.81796875 0.43854166666666666 0.1421875 0.21458333333333332
0 0.5328125 0.17916666666666667 0.065625 0.13333333333333333
1 0.28671875 0.19479166666666667 0.1 0.25833333333333336
1 0.76640625 0.19479166666666667 0.0765625 0.25833333333333336
1 0.93828125 0.17604166666666668 0.0921875 0.14166666666666666
