0 0.92109375 0.24375 0.075 0.13541666666666666
0 0.82578125 0.14375 0.0625 0.15
0 0.72265625 0.21875 0.059375 0.15625
0 0.359375 0.7697916666666667 0.1296875 0.39166666666666666
0 0.19375 0.44583333333333336 0.1109375 0.21666666666666667
0 0.33671875 0.32916666666666666 0.0859375 0.21041666666666667
0 0.22109375 0.24583333333333332 0.0515625 0.16875
1 0.47265625 0.11875 0.0890625 0.20833333333333334
1 0.409375 0.36875 0.1359375 0.30416666666666664
1 0.06875 0.15833333333333333 0.096875 0.12291666666666666
