0 0.33984375 0.7302083333333333 0.18125 0.3875
0 0.15625 0.4895833333333333 0.1125 0.27291666666666664
0 0.03515625 0.21979166666666666 0.05 0.12291666666666666
0 0.17109375 0.21770833333333334 0.075 0.23125
0 0.790625 0.13541666666666666 0.0796875 0.19166666666666668
0 0.89453125 0.21458333333333332 0.090625 0.18541666666666667
1 0.6859375 0.16041666666666668 0.0890625 0.22291666666666668
1 0.45546875 0.13020833333333334 0.0875 0.20625
1 0.378125 0.36875 0.134375 0.31666666666666665
1 0.2921875 0.26979166666666665 0.0984375 0.23333333333333334
