0 0.6421875 0.803125 0.13046875 0.39375
0 0.82734375 0.49895833333333334 0.11484375 0.23958333333333334
0 0.65390625 0.3875 0.08125 0.24479166666666666
0 0.1015625 0.16041666666666668 0.046875 0.12916666666666668
0 0.209375 0.1 0.06640625 0.17395833333333333
0 0.54609375 0.15416666666666667 0.03828125 0.090625
1 0.3015625 0.16145833333333334 0.078125 0.18645833333333334
1 0.725 0.30520833333333336 0.08359375 0.2833333333333333
1 0.80234375 0.24270833333333333 0.06796875 0.21666666666666667
1 0.95859375 0.23020833333333332 0.08203125 0.10625
