0 0.6328125 0.7739583333333333 0.0796875 0.36041666666666666
0 0.83828125 0.5010416666666667 0.1359375 0.2916666666666667
0 0.978125 0.28020833333333334 0.04375 0.08333333333333333
0 0.84921875 0.23854166666666668 0.06015625 0.16666666666666666
0 0.12265625 0.20520833333333333 0.08984375 0.215625
0 0.22421875 0.115625 0.07109375 0.14270833333333333
1 0.65625 0.2791666666666667 0.08984375 0.11354166666666667
1 0.73828125 0.32708333333333334 0.0765625 0.08854166666666667
1 0.328125 0.184375 0.08359375 0.115625
1 0.55546875 0.1625 0.05625 0.09375
