0 0.51015625 0.13854166666666667 0.059375 0.10104166666666667
0 0.16328125 0.13125 0.05390625 0.18229166666666666
0 0.05078125 0.175 0.05703125 0.12395833333333334
0 0.61328125 0.778125 0.1265625 0.4239583333333333
0 0.78828125 0.46875 0.096875 0.17916666666666667
1 0.70078125 0.3572916666666667 0.075 0.17395833333333333
0 0.7765625 0.24375 0.046875 0.16875
1 0.28515625 0.15520833333333334 0.08203125 0.20416666666666666
1 0.58203125 0.3854166666666667 0.08125 0.3
1 0.94921875 0.23229166666666667 0.08984375 0.08125
