0 0.34296875 0.7520833333333333 0.1296875 0.32916666666666666
0 0.14375 0.4583333333333333 0.1421875 0.22708333333333333
0 0.03671875 0.203125 0.046875 0.15416666666666667
0 0.17421875 0.22291666666666668 0.0765625 0.25625
0 0.79921875 0.13020833333333334 0.0953125 0.20208333333333334
0 0.90234375 0.24270833333333333 0.0765625 0.18333333333333332
1 0.690625 0.17395833333333333 0.08125 0.20625
1 0.45859375 0.12083333333333333 0.071875 0.17708333333333334
1 0.3765625 0.37604166666666666 0.1375 0.30833333333333335
1 0.2765625 0.29270833333333335 0.1203125 0.275
