0 0.49921875 0.13854166666666667 0.0625 0.10416666666666667
0 0.84609375 0.146875 0.059375 0.18541666666666667
0 0.9578125 0.19583333333333333 0.0609375 0.12708333333333333
0 0.3796875 0.7729166666666667 0.1375 0.42916666666666664
0 0.2125 0.4552083333333333 0.1015625 0.18333333333333332
1 0.303125 0.34791666666666665 0.0796875 0.17708333333333334
0 0.23046875 0.23125 0.0515625 0.17083333333333334
1 0.7234375 0.165625 0.0875 0.20833333333333334
1 0.42109375 0.38125 0.0890625 0.30416666666666664
1 0.0578125 0.21145833333333333 0.0921875 0.08541666666666667
