0 0.90234375 0.17604166666666668 0.0703125 0.18541666666666667
0 0.78671875 0.090625 0.0515625 0.15208333333333332
0 0.6796875 0.171875 0.053125 0.16666666666666666
0 0.3734375 0.778125 0.06875 0.36666666666666664
0 0.18046875 0.49166666666666664 0.0859375 0.21666666666666667
0 0.04375 0.26145833333333335 0.059375 0.10625
0 0.1578125 0.23854166666666668 0.059375 0.21041666666666667
1 0.4078125 0.33229166666666665 0.134375 0.16875
1 0.27421875 0.31979166666666664 0.1171875 0.2833333333333333
1 0.43984375 0.11875 0.0578125 0.18333333333333332
