0 0.09296875 0.178125 0.046875 0.12916666666666668
0 0.19453125 0.10520833333333333 0.05703125 0.16458333333333333
0 0.60546875 0.765625 0.11640625 0.37395833333333334
0 0.81640625 0.49270833333333336 0.11484375 0.20729166666666668
0 0.81484375 0.22083333333333333 0.03515625 0.17395833333333333
0 0.92109375 0.22395833333333334 0.05234375 0.103125
0 0.70234375 0.35208333333333336 0.06640625 0.21458333333333332
1 0.3078125 0.15 0.075 0.21458333333333332
1 0.5265625 0.13645833333333332 0.078125 0.2125
1 0.60234375 0.37916666666666665 0.11328125 0.2625
