0 0.36015625 0.7677083333333333 0.0890625 0.3645833333333333
0 0.16171875 0.48541666666666666 0.14375 0.29791666666666666
0 0.028125 0.25833333333333336 0.0453125 0.08541666666666667
0 0.1578125 0.22291666666666668 0.065625 0.16875
0 0.88515625 0.22291666666666668 0.0953125 0.21875
0 0.7859375 0.12916666666666668 0.075 0.14583333333333334
1 0.35 0.271875 0.09375 0.11666666666666667
1 0.26640625 0.315625 0.078125 0.09166666666666666
1 0.6796875 0.19270833333333334 0.0875 0.11875
1 0.453125 0.16041666666666668 0.059375 0.09583333333333334
