0 0.3546875 0.7583333333333333 0.1078125 0.3375
0 0.165625 0.428125 0.146875 0.12291666666666666
0 0.05234375 0.21875 0.053125 0.09166666666666666
0 0.9046875 0.21041666666666667 0.1140625 0.17708333333333334
0 0.79921875 0.14583333333333334 0.0734375 0.18333333333333332
0 0.35 0.290625 0.0796875 0.1125
1 0.71640625 0.17708333333333334 0.090625 0.26458333333333334
1 0.29375 0.31145833333333334 0.096875 0.29375
1 0.1921875 0.21041666666666667 0.103125 0.2375
0 0.471875 0.16770833333333332 0.040625 0.10833333333333334
