0 0.63359375 0.7833333333333333 0.1046875 0.43333333333333335
0 0.6578125 0.39479166666666665 0.08828125 0.25
0 0.821875 0.4822916666666667 0.09765625 0.2125
0 0.9625 0.265625 0.0609375 0.06041666666666667
0 0.103125 0.16770833333333332 0.08125 0.17395833333333333
0 0.21328125 0.09479166666666666 0.0625 0.14895833333333333
0 0.546875 0.17916666666666667 0.04296875 0.08125
1 0.30859375 0.14166666666666666 0.06953125 0.2125
1 0.725 0.309375 0.10078125 0.290625
1 0.81484375 0.24375 0.08984375 0.225
