1 0.26015625 0.178125 0.075 0.2125
1 0.58203125 0.37395833333333334 0.13125 0.2916666666666667
1 0.9328125 0.19166666666666668 0.109375 0.11666666666666667
0 0.05390625 0.21875 0.065625 0.13333333333333333
0 0.14140625 0.146875 0.090625 0.20208333333333334
0 0.63203125 0.7916666666666666 0.121875 0.40208333333333335
0 0.79609375 0.44166666666666665 0.09375 0.16875
0 0.68125 0.3385416666666667 0.0765625 0.2125
0 0.75234375 0.21770833333333334 0.0640625 0.17291666666666666
0 0.5 0.16145833333333334 0.046875 0.09583333333333334
