0 0.64765625 0.7552083333333334 0.121875 0.3489583333333333
0 0.84375 0.4635416666666667 0.08203125 0.3260416666666667
0 0.98359375 0.275 0.0328125 0.08333333333333333
0 0.22265625 0.08541666666666667 0.0640625 0.11666666666666667
0 0.10234375 0.16666666666666666 0.08515625 0.171875
0 0.21953125 0.09583333333333334 0.08671875 0.15104166666666666
1 0.68515625 0.415625 0.13203125 0.35625
1 0.58046875 0.3927083333333333 0.06953125 0.3104166666666667
1 0.809375 0.23125 0.08515625 0.20416666666666666
1 0.32421875 0.13020833333333334 0.090625 0.21979166666666666
1 0.56640625 0.11145833333333334 0.0640625 0.20208333333333334