0 0.6609375 0.740625 0.1484375 0.41458333333333336
0 0.85234375 0.45416666666666666 0.146875 0.25
0 0.821875 0.20625 0.08125 0.19166666666666668
0 0.61015625 0.321875 0.046875 0.13125
0 0.10625 0.23229166666666667 0.1046875 0.15416666666666667
0 0.1921875 0.17291666666666666 0.0859375 0.20625
1 0.73671875 0.26145833333333335 0.103125 0.19583333333333333
1 0.28828125 0.17708333333333334 0.0953125 0.22291666666666668
1 0.528125 0.15208333333333332 0.0828125 0.20833333333333334
1 0.9453125 0.20729166666666668 0.0796875 0.1625
