0 0.1296875 0.19583333333333333 0.1 0.225
0 0.20703125 0.08645833333333333 0.0515625 0.11666666666666667
0 0.32265625 0.16666666666666666 0.0890625 0.15
0 0.83828125 0.203125 0.0421875 0.14479166666666668
0 0.9609375 0.23333333333333334 0.075 0.128125
0 0.8359375 0.4739583333333333 0.08125 0.146875
0 0.62734375 0.7583333333333333 0.1015625 0.26666666666666666
0 0.71484375 0.384375 0.0359375 0.13645833333333332
1 0.63359375 0.38645833333333335 0.11484375 0.3020833333333333
1 0.5578125 0.121875 0.071875 0.16770833333333332
