1 0.28359375 0.153125 0.05859375 0.159375
1 0.95 0.25625 0.09921875 0.13333333333333333
0 0.078125 0.18645833333333334 0.0625 0.13125
0 0.18515625 0.12708333333333333 0.05859375 0.21979166666666666
0 0.6390625 0.8010416666666667 0.159375 0.396875
0 0.79140625 0.475 0.1078125 0.21666666666666667
0 0.7796875 0.23229166666666667 0.05390625 0.20208333333333334
0 0.6125 0.35833333333333334 0.0625 0.2375
0 0.71171875 0.3614583333333333 0.0625 0.171875
0 0.51953125 0.15625 0.03828125 0.09583333333333334
