6 0.5015625 0.18333333333333332 0.0453125 0.10833333333333334
6 0.328125 0.2604166666666667 0.0515625 0.08125
6 0.6359375 0.6958333333333333 0.0609375 0.14791666666666667
5 0.61875 0.6885416666666667 0.1515625 0.30625
5 0.328125 0.2552083333333333 0.075 0.14166666666666666
5 0.49140625 0.228125 0.0875 0.28125
1 0.32109375 0.09166666666666666 0.053125 0.17291666666666666
1 0.39375 0.18125 0.0625 0.17083333333333334
1 0.259375 0.20729166666666668 0.0578125 0.18125
1 0.715625 0.5239583333333333 0.0703125 0.28125
1 0.4546875 0.50625 0.0984375 0.30416666666666664