6 0.2234375 0.153125 0.05078125 0.11145833333333334
6 0.3203125 0.290625 0.04921875 0.08541666666666667
6 0.48359375 0.17708333333333334 0.05859375 0.10416666666666667
6 0.6390625 0.7104166666666667 0.08046875 0.20416666666666666
5 0.23984375 0.20416666666666666 0.09609375 0.25416666666666665
5 0.315625 0.2833333333333333 0.0765625 0.16458333333333333
5 0.47421875 0.23229166666666667 0.11171875 0.23333333333333334
5 0.634375 0.7104166666666667 0.13515625 0.28229166666666666
1 0.303125 0.1 0.0453125 0.19895833333333332
1 0.375 0.18645833333333334 0.05234375 0.16875
1 0.453125 0.50625 0.09140625 0.30833333333333335
1 0.7140625 0.49270833333333336 0.08203125 0.2875