1 0.7015625 0.07604166666666666 0.040625 0.13541666666666666
1 0.61640625 0.18854166666666666 0.0734375 0.16458333333333333
1 0.69140625 0.246875 0.075 0.13333333333333333
1 0.53984375 0.50625 0.0671875 0.275
1 0.2796875 0.49375 0.071875 0.2833333333333333
6 0.77265625 0.15625 0.046875 0.11666666666666667
6 0.5046875 0.18541666666666667 0.0546875 0.09375
6 0.36328125 0.7052083333333333 0.0703125 0.14375
3 0.48828125 0.33541666666666664 0.078125 0.12708333333333333
5 0.76953125 0.17395833333333333 0.09375 0.23333333333333334
5 0.51953125 0.22083333333333333 0.103125 0.29375
5 0.36796875 0.69375 0.134375 0.23125