3 0.23515625 0.12708333333333333 0.0671875 0.16666666666666666
1 0.278125 0.134375 0.0515625 0.16041666666666668
1 0.2265625 0.234375 0.065625 0.15416666666666667
1 0.3609375 0.20729166666666668 0.0625 0.12291666666666666
1 0.4390625 0.259375 0.0625 0.20833333333333334
1 0.4546875 0.515625 0.1078125 0.28958333333333336
1 0.7203125 0.440625 0.0515625 0.21041666666666667
5 0.30078125 0.2864583333333333 0.109375 0.17708333333333334
6 0.3015625 0.28541666666666665 0.0703125 0.11875
5 0.646875 0.6677083333333333 0.1875 0.3
6 0.65234375 0.6625 0.1109375 0.19583333333333333