3 0.9703125 0.17083333333333334 0.059375 0.24166666666666667
3 0.61171875 0.19583333333333333 0.06875 0.22708333333333333
1 0.771875 0.240625 0.0796875 0.17708333333333334
1 0.73125 0.11041666666666666 0.0859375 0.13333333333333333
1 0.6484375 0.19895833333333332 0.040625 0.1375
5 0.69296875 0.28541666666666665 0.08125 0.15833333333333333
6 0.69375 0.28958333333333336 0.0625 0.12916666666666668
3 0.53828125 0.484375 0.0609375 0.26875
1 0.53671875 0.4875 0.0703125 0.275
1 0.25859375 0.465625 0.0453125 0.24375
1 0.37578125 0.7020833333333333 0.18125 0.38333333333333336