6 0.2140625 0.15208333333333332 0.05078125 0.13229166666666667
6 0.48046875 0.16770833333333332 0.04140625 0.090625
6 0.6265625 0.6916666666666667 0.07421875 0.12916666666666668
3 0.496875 0.6 0.071875 0.125
5 0.2328125 0.17083333333333334 0.0875 0.221875
5 0.475 0.23541666666666666 0.084375 0.215625
1 0.3015625 0.1125 0.06875 0.17395833333333333
1 0.38828125 0.196875 0.0625 0.153125
1 0.31171875 0.253125 0.0875 0.14166666666666666
1 0.43671875 0.45416666666666666 0.06875 0.17083333333333334
1 0.71640625 0.49270833333333336 0.078125 0.2635416666666667