3 0.97109375 0.09270833333333334 0.0578125 0.13958333333333334
3 0.55859375 0.225 0.0453125 0.2875
5 0.68359375 0.28020833333333334 0.084375 0.18125
6 0.690625 0.271875 0.059375 0.11458333333333333
1 0.7734375 0.203125 0.084375 0.1875
1 0.71796875 0.08958333333333333 0.078125 0.12916666666666668
1 0.5453125 0.48854166666666665 0.040625 0.21041666666666667
1 0.6296875 0.17395833333333333 0.0625 0.16458333333333333
1 0.2875 0.47291666666666665 0.065625 0.2
5 0.37734375 0.7229166666666667 0.1609375 0.2708333333333333
6 0.37734375 0.7635416666666667 0.1453125 0.21041666666666667