1 0.3015625 0.11145833333333334 0.04296875 0.134375
1 0.38046875 0.190625 0.05703125 0.16458333333333333
1 0.30625 0.25833333333333336 0.0875 0.14166666666666666
1 0.45078125 0.5020833333333333 0.0703125 0.32395833333333335
1 0.709375 0.496875 0.078125 0.284375
6 0.21328125 0.15729166666666666 0.04140625 0.06458333333333334
6 0.49140625 0.175 0.04296875 0.090625
6 0.6375 0.7020833333333333 0.07421875 0.13645833333333332
5 0.2296875 0.20833333333333334 0.1 0.21770833333333334
5 0.47734375 0.221875 0.0875 0.22708333333333333
5 0.62890625 0.7020833333333333 0.1171875 0.24791666666666667