6 0.21484375 0.159375 0.0546875 0.125
6 0.484375 0.19479166666666667 0.0546875 0.10625
6 0.63671875 0.6625 0.0859375 0.18958333333333333
5 0.228125 0.19583333333333333 0.1109375 0.21979166666666666
5 0.47265625 0.22708333333333333 0.08828125 0.22708333333333333
5 0.62890625 0.6895833333333333 0.13046875 0.26875
1 0.296875 0.090625 0.04453125 0.1625
1 0.3765625 0.18958333333333333 0.0625 0.15729166666666666
1 0.3140625 0.25104166666666666 0.09765625 0.13645833333333332
1 0.4484375 0.5135416666666667 0.06875 0.3145833333333333
1 0.71328125 0.5020833333333333 0.08828125 0.27291666666666664