3 0.04765625 0.17604166666666668 0.0953125 0.27395833333333336
1 0.2375 0.225 0.059375 0.21770833333333334
1 0.30234375 0.09791666666666667 0.07578125 0.13020833333333334
1 0.37578125 0.196875 0.07421875 0.17604166666666668
1 0.45 0.2604166666666667 0.0703125 0.19270833333333334
5 0.31953125 0.2989583333333333 0.059375 0.2
6 0.3140625 0.28229166666666666 0.03984375 0.08333333333333333
1 0.45859375 0.5208333333333334 0.09140625 0.275
1 0.703125 0.478125 0.065625 0.253125
5 0.64140625 0.7333333333333333 0.15078125 0.30416666666666664
6 0.640625 0.71875 0.1234375 0.17395833333333333