3 0.76328125 0.18333333333333332 0.084375 0.21875
1 0.73515625 0.20104166666666667 0.059375 0.17291666666666666
1 0.68046875 0.0875 0.0640625 0.15625
1 0.6078125 0.18229166666666666 0.05625 0.15208333333333332
5 0.665625 0.24583333333333332 0.08125 0.15416666666666667
6 0.671875 0.246875 0.0625 0.1125
1 0.54453125 0.21458333333333332 0.06875 0.2
1 0.54453125 0.4583333333333333 0.0546875 0.225
1 0.2796875 0.50625 0.06875 0.24375
5 0.3796875 0.7229166666666667 0.153125 0.35
6 0.37734375 0.7135416666666666 0.14375 0.23958333333333334