6 0.778125 0.17083333333333334 0.0390625 0.10625
6 0.690625 0.271875 0.053125 0.07291666666666667
6 0.50859375 0.18125 0.0484375 0.11458333333333333
6 0.37109375 0.7020833333333333 0.0671875 0.17916666666666667
5 0.7609375 0.22083333333333333 0.0828125 0.23125
5 0.6875 0.24583333333333332 0.0703125 0.13958333333333334
5 0.52734375 0.25104166666666666 0.1078125 0.25625
5 0.375 0.69375 0.128125 0.2520833333333333
1 0.70078125 0.11666666666666667 0.05625 0.18958333333333333
1 0.6234375 0.18229166666666666 0.078125 0.18958333333333333
1 0.55625 0.5208333333333334 0.078125 0.3104166666666667
1 0.2875 0.49895833333333334 0.075 0.28125