3 0.14375 0.25833333333333336 0.1203125 0.3385416666666667
1 0.25546875 0.21979166666666666 0.059375 0.1875
1 0.31171875 0.09895833333333333 0.046875 0.15104166666666666
1 0.3875 0.16979166666666667 0.053125 0.15416666666666667
1 0.459375 0.25833333333333336 0.046875 0.22083333333333333
5 0.32109375 0.2760416666666667 0.0796875 0.20520833333333333
6 0.3203125 0.26666666666666666 0.08046875 0.13541666666666666
1 0.46484375 0.5114583333333333 0.0515625 0.2833333333333333
1 0.721875 0.478125 0.03984375 0.28229166666666666
5 0.6328125 0.70625 0.15625 0.3385416666666667
6 0.63046875 0.6979166666666666 0.10703125 0.2677083333333333