6 0.21640625 0.16666666666666666 0.06015625 0.08333333333333333
6 0.490625 0.18958333333333333 0.046875 0.115625
6 0.30703125 0.26458333333333334 0.0546875 0.09479166666666666
6 0.63125 0.6989583333333333 0.06015625 0.13854166666666667
5 0.2328125 0.20416666666666666 0.103125 0.18541666666666667
5 0.315625 0.2677083333333333 0.0765625 0.15520833333333334
5 0.475 0.23854166666666668 0.11328125 0.25
5 0.63125 0.7125 0.13671875 0.259375
1 0.29921875 0.10729166666666666 0.04921875 0.15
1 0.378125 0.18958333333333333 0.071875 0.16666666666666666
1 0.4484375 0.50625 0.071875 0.29375
1 0.715625 0.50625 0.08984375 0.29375