6 0.21484375 0.16041666666666668 0.0546875 0.10833333333333334
6 0.48828125 0.16666666666666666 0.05234375 0.09270833333333334
6 0.63203125 0.7072916666666667 0.08984375 0.17395833333333333
3 0.4875 0.521875 0.06875 0.16458333333333333
5 0.23203125 0.19791666666666666 0.109375 0.20104166666666667
5 0.48203125 0.24166666666666667 0.08046875 0.28020833333333334
5 0.621875 0.7104166666666667 0.13671875 0.2635416666666667
1 0.30625 0.103125 0.05625 0.13645833333333332
1 0.378125 0.196875 0.05625 0.16666666666666666
1 0.31171875 0.24375 0.0765625 0.09479166666666666
1 0.44375 0.4708333333333333 0.0609375 0.28958333333333336
1 0.71484375 0.50625 0.08359375 0.26145833333333335