6 0.21015625 0.165625 0.05625 0.12708333333333333
6 0.48046875 0.19479166666666667 0.05625 0.10833333333333334
6 0.6390625 0.659375 0.0890625 0.19166666666666668
5 0.22421875 0.20208333333333334 0.1140625 0.22291666666666668
5 0.46875 0.228125 0.0921875 0.22916666666666666
5 0.63125 0.6864583333333333 0.1328125 0.27291666666666664
1 0.29140625 0.09583333333333334 0.046875 0.1625
1 0.37265625 0.19270833333333334 0.0640625 0.15833333333333333
1 0.3109375 0.2552083333333333 0.0984375 0.1375
1 0.4484375 0.5145833333333333 0.0734375 0.31666666666666665
1 0.71328125 0.496875 0.0921875 0.27291666666666664