3 0.21328125 0.12291666666666666 0.05703125 0.115625
6 0.31875 0.28229166666666666 0.06875 0.10625
6 0.4828125 0.17083333333333334 0.06484375 0.096875
6 0.6421875 0.7395833333333334 0.09921875 0.196875
1 0.28125 0.20416666666666666 0.04140625 0.1625
1 0.3046875 0.08333333333333333 0.05234375 0.134375
1 0.36796875 0.184375 0.0640625 0.13645833333333332
1 0.4546875 0.503125 0.084375 0.2989583333333333
1 0.71953125 0.49375 0.09765625 0.2708333333333333
5 0.475 0.21145833333333333 0.09921875 0.215625
5 0.31953125 0.28020833333333334 0.0921875 0.12916666666666668
5 0.63359375 0.7395833333333334 0.16015625 0.3958333333333333