6 0.79765625 0.19479166666666667 0.053125 0.11458333333333333
6 0.528125 0.17604166666666668 0.05 0.0875
6 0.36875 0.6854166666666667 0.0859375 0.16875
5 0.7828125 0.21666666666666667 0.103125 0.23333333333333334
5 0.534375 0.21666666666666667 0.1046875 0.21875
5 0.37421875 0.6760416666666667 0.1171875 0.26458333333333334
1 0.715625 0.12708333333333333 0.0546875 0.13958333333333334
1 0.63125 0.19895833333333332 0.06875 0.16041666666666668
1 0.7 0.27291666666666664 0.0859375 0.13541666666666666
1 0.54375 0.534375 0.090625 0.32708333333333334
1 0.29609375 0.4666666666666667 0.0953125 0.29791666666666666