3 0.4140625 0.18645833333333334 0.0546875 0.08125
6 0.196875 0.17708333333333334 0.03671875 0.090625
6 0.4890625 0.17395833333333333 0.04296875 0.07916666666666666
6 0.6421875 0.715625 0.06796875 0.14791666666666667
5 0.21640625 0.20729166666666668 0.109375 0.17395833333333333
1 0.3125 0.25416666666666665 0.08046875 0.125
1 0.29453125 0.09375 0.06015625 0.12708333333333333
1 0.3734375 0.17708333333333334 0.04140625 0.13229166666666667
5 0.4890625 0.22708333333333333 0.0765625 0.23125
5 0.61875 0.6958333333333333 0.1234375 0.25729166666666664
1 0.46328125 0.5010416666666667 0.0546875 0.28020833333333334
1 0.71171875 0.490625 0.06640625 0.23125