3 0.2796875 0.7625 0.1640625 0.2125
1 0.4515625 0.509375 0.078125 0.33958333333333335
6 0.64609375 0.6833333333333333 0.071875 0.16875
6 0.20234375 0.17604166666666668 0.046875 0.08541666666666667
6 0.471875 0.16458333333333333 0.04375 0.0875
1 0.28359375 0.10833333333333334 0.0609375 0.16666666666666666
1 0.36484375 0.19270833333333334 0.0703125 0.20416666666666666
1 0.71484375 0.484375 0.084375 0.2791666666666667
5 0.45390625 0.228125 0.0875 0.25833333333333336
5 0.21796875 0.19791666666666666 0.0921875 0.17083333333333334
1 0.30390625 0.2677083333333333 0.0796875 0.16666666666666666
5 0.63359375 0.7010416666666667 0.1375 0.30416666666666664