6 0.2140625 0.16666666666666666 0.0453125 0.11145833333333334
6 0.49609375 0.18333333333333332 0.0546875 0.09270833333333334
6 0.31640625 0.2708333333333333 0.0703125 0.10625
6 0.62421875 0.7052083333333333 0.07421875 0.16458333333333333
5 0.2390625 0.16666666666666666 0.0875 0.23125
5 0.3203125 0.2520833333333333 0.0625 0.115625
5 0.46171875 0.22291666666666668 0.0875 0.215625
5 0.615625 0.6729166666666667 0.11171875 0.25729166666666664
1 0.31015625 0.10833333333333334 0.04921875 0.1625
1 0.37578125 0.20208333333333334 0.05078125 0.16875
1 0.44765625 0.5114583333333333 0.078125 0.384375
1 0.71171875 0.49583333333333335 0.0953125 0.30520833333333336