6 0.2125 0.159375 0.04375 0.08333333333333333
6 0.48515625 0.17916666666666667 0.0453125 0.09166666666666666
6 0.63359375 0.7020833333333333 0.0765625 0.15
5 0.23515625 0.20520833333333333 0.0984375 0.21458333333333332
5 0.475 0.23645833333333333 0.090625 0.2604166666666667
5 0.6234375 0.6760416666666667 0.109375 0.23958333333333334
1 0.2953125 0.08125 0.0375 0.1375
1 0.37734375 0.19791666666666666 0.0671875 0.14583333333333334
1 0.31171875 0.23958333333333334 0.084375 0.15416666666666667
1 0.4453125 0.5020833333333333 0.071875 0.30416666666666664
1 0.7125 0.5104166666666666 0.075 0.2833333333333333