3 0.265625 0.09166666666666666 0.0546875 0.159375
1 0.3078125 0.10520833333333333 0.0390625 0.15520833333333334
1 0.24921875 0.19791666666666666 0.05390625 0.14791666666666667
1 0.384375 0.18958333333333333 0.053125 0.115625
1 0.45859375 0.2520833333333333 0.046875 0.203125
1 0.45390625 0.509375 0.08671875 0.2791666666666667
1 0.7234375 0.471875 0.03515625 0.20729166666666668
5 0.31875 0.259375 0.09765625 0.165625
6 0.31953125 0.259375 0.0625 0.11145833333333334
5 0.6328125 0.6875 0.1671875 0.2791666666666667
6 0.6390625 0.6833333333333333 0.096875 0.18229166666666666