1 0.68515625 0.1 0.0546875 0.16666666666666666
1 0.6078125 0.18541666666666667 0.075 0.18333333333333332
1 0.67890625 0.24479166666666666 0.1 0.15
1 0.54609375 0.5114583333333333 0.096875 0.30416666666666664
1 0.28671875 0.5291666666666667 0.0953125 0.29375
6 0.76953125 0.15520833333333334 0.05625 0.0875
6 0.496875 0.17604166666666668 0.0671875 0.09791666666666667
6 0.375 0.7104166666666667 0.0859375 0.13541666666666666
5 0.76015625 0.16979166666666667 0.1109375 0.19791666666666666
5 0.51328125 0.23854166666666668 0.09375 0.225
5 0.3765625 0.7010416666666667 0.146875 0.2625