6 0.228125 0.13229166666666667 0.046875 0.075
6 0.50625 0.17395833333333333 0.0515625 0.11875
6 0.61640625 0.703125 0.0625 0.13333333333333333
3 0.51640625 0.6770833333333334 0.0609375 0.17916666666666667
1 0.3109375 0.0875 0.0640625 0.1625
1 0.3953125 0.19479166666666667 0.0671875 0.16041666666666668
1 0.31328125 0.23541666666666666 0.0875 0.14375
1 0.44609375 0.46041666666666664 0.06875 0.21666666666666667
1 0.7171875 0.5104166666666666 0.096875 0.2520833333333333
5 0.24453125 0.16145833333333334 0.1125 0.1875
5 0.496875 0.20520833333333333 0.11875 0.2625
5 0.6078125 0.6989583333333333 0.1203125 0.24791666666666667