6 0.19921875 0.19583333333333333 0.0578125 0.13333333333333333
6 0.29609375 0.30520833333333336 0.05625 0.07916666666666666
6 0.4578125 0.17708333333333334 0.053125 0.10208333333333333
6 0.6546875 0.7083333333333334 0.1109375 0.19791666666666666
5 0.2109375 0.2125 0.1171875 0.24791666666666667
5 0.3 0.3 0.0921875 0.15833333333333333
5 0.45078125 0.215625 0.10625 0.23125
1 0.27890625 0.13333333333333333 0.090625 0.21041666666666667
1 0.359375 0.215625 0.0921875 0.175
1 0.45625 0.5166666666666667 0.1234375 0.3416666666666667
1 0.7046875 0.4583333333333333 0.1296875 0.3229166666666667
5 0.640625 0.7041666666666667 0.175 0.29583333333333334