1 0.246875 0.20208333333333334 0.05703125 0.146875
1 0.3890625 0.19166666666666668 0.0515625 0.12916666666666668
1 0.3125 0.1125 0.05 0.16770833333333332
5 0.32109375 0.27395833333333336 0.065625 0.18854166666666666
6 0.32265625 0.26979166666666665 0.04765625 0.09895833333333333
5 0.4546875 0.23541666666666666 0.06328125 0.23854166666666668
6 0.4609375 0.175 0.04453125 0.11458333333333333
1 0.4640625 0.4635416666666667 0.03828125 0.23229166666666667
1 0.728125 0.4864583333333333 0.05 0.2375
5 0.62109375 0.6875 0.12265625 0.265625
6 0.6234375 0.684375 0.06484375 0.140625