3 0.9515625 0.20416666666666666 0.0921875 0.27291666666666664
1 0.76171875 0.18958333333333333 0.040625 0.18333333333333332
1 0.68203125 0.090625 0.046875 0.14583333333333334
1 0.60234375 0.18125 0.0546875 0.16875
1 0.540625 0.234375 0.04375 0.15625
5 0.67265625 0.271875 0.075 0.1625
6 0.67265625 0.25833333333333336 0.0515625 0.08958333333333333
1 0.5546875 0.50625 0.0828125 0.30416666666666664
1 0.27890625 0.515625 0.0765625 0.26458333333333334
5 0.3796875 0.6854166666666667 0.1125 0.2708333333333333
6 0.37109375 0.7041666666666667 0.0828125 0.1875