3 0.04296875 0.18125 0.0859375 0.24895833333333334
1 0.253125 0.215625 0.059375 0.17708333333333334
1 0.31484375 0.11145833333333334 0.04921875 0.171875
1 0.39296875 0.18854166666666666 0.0578125 0.12708333333333333
1 0.465625 0.26145833333333335 0.053125 0.17604166666666668
5 0.32734375 0.2864583333333333 0.0984375 0.24166666666666667
6 0.31875 0.278125 0.06171875 0.134375
1 0.4640625 0.478125 0.04453125 0.23645833333333333
1 0.72890625 0.490625 0.053125 0.284375
5 0.6203125 0.6885416666666667 0.1140625 0.240625
6 0.61796875 0.709375 0.08046875 0.18333333333333332