6 0.234375 0.14270833333333333 0.05625 0.0875
6 0.5078125 0.1625 0.046875 0.11458333333333333
6 0.621875 0.7260416666666667 0.084375 0.17083333333333334
3 0.47421875 0.18854166666666666 0.0484375 0.09583333333333334
1 0.3109375 0.07916666666666666 0.0625 0.15833333333333333
1 0.3953125 0.17291666666666666 0.0703125 0.18541666666666667
1 0.328125 0.24375 0.090625 0.14375
1 0.434375 0.5270833333333333 0.128125 0.39166666666666666
1 0.7125 0.5125 0.1078125 0.26875
5 0.253125 0.17395833333333333 0.109375 0.2
5 0.4984375 0.20833333333333334 0.09375 0.20416666666666666
5 0.59609375 0.7072916666666667 0.1421875 0.29583333333333334