6 0.2703125 0.16770833333333332 0.05859375 0.071875
6 0.496875 0.175 0.0453125 0.08125
6 0.62109375 0.7145833333333333 0.078125 0.12291666666666666
6 0.31796875 0.28854166666666664 0.0546875 0.10416666666666667
5 0.27421875 0.18645833333333334 0.1 0.178125
5 0.31953125 0.271875 0.09765625 0.159375
5 0.47734375 0.240625 0.09765625 0.23645833333333333
5 0.62265625 0.7072916666666667 0.13828125 0.25729166666666664
1 0.7125 0.5083333333333333 0.0875 0.284375
1 0.4515625 0.5 0.0796875 0.30104166666666665
1 0.30625 0.096875 0.0484375 0.134375
1 0.38125 0.18958333333333333 0.0640625 0.153125