6 0.7859375 0.159375 0.0421875 0.09583333333333334
6 0.51328125 0.17916666666666667 0.0609375 0.06875
6 0.36640625 0.69375 0.0625 0.15625
5 0.76640625 0.209375 0.109375 0.22083333333333333
5 0.5203125 0.23020833333333332 0.0984375 0.24375
5 0.37890625 0.6979166666666666 0.128125 0.25625
1 0.6953125 0.0875 0.046875 0.12708333333333333
1 0.6171875 0.19270833333333334 0.0734375 0.18541666666666667
1 0.684375 0.23125 0.0953125 0.17708333333333334
1 0.55234375 0.5166666666666667 0.0796875 0.2916666666666667
1 0.278125 0.503125 0.071875 0.23125