6 0.21875 0.175 0.06796875 0.10833333333333334
6 0.3140625 0.2635416666666667 0.06484375 0.115625
6 0.48828125 0.18125 0.046875 0.08541666666666667
6 0.625 0.6989583333333333 0.07578125 0.153125
5 0.225 0.196875 0.11953125 0.19895833333333332
5 0.32265625 0.25625 0.109375 0.19166666666666668
5 0.46640625 0.22916666666666666 0.1015625 0.221875
5 0.6203125 0.6916666666666667 0.12890625 0.240625
1 0.30390625 0.10729166666666666 0.0453125 0.14583333333333334
1 0.37578125 0.18020833333333333 0.06875 0.1625
1 0.44609375 0.5 0.071875 0.31979166666666664
1 0.71640625 0.5041666666666667 0.10390625 0.278125