3 0.02421875 0.090625 0.0484375 0.09375
1 0.24609375 0.21354166666666666 0.090625 0.16458333333333333
1 0.29921875 0.09583333333333334 0.071875 0.12291666666666666
1 0.3578125 0.17291666666666666 0.0234375 0.13958333333333334
1 0.44296875 0.24479166666666666 0.0265625 0.12916666666666668
3 0.4 0.240625 0.0671875 0.24791666666666667
5 0.3125 0.28125 0.078125 0.11666666666666667
6 0.3203125 0.2635416666666667 0.05625 0.08125
1 0.46484375 0.484375 0.05625 0.24375
1 0.725 0.440625 0.0953125 0.24166666666666667
1 0.66171875 0.6177083333333333 0.11875 0.29791666666666666