3 0.03203125 0.13645833333333332 0.0640625 0.23541666666666666
1 0.2375 0.20416666666666666 0.08125 0.21875
1 0.29765625 0.12395833333333334 0.0828125 0.20833333333333334
1 0.38046875 0.20520833333333333 0.0640625 0.14375
1 0.44765625 0.23229166666666667 0.05 0.25
5 0.3078125 0.30625 0.0890625 0.175
6 0.31640625 0.309375 0.065625 0.14166666666666666
1 0.70234375 0.44479166666666664 0.08125 0.3125
1 0.46640625 0.5041666666666667 0.05625 0.2625
5 0.634375 0.7072916666666667 0.1203125 0.325
6 0.6328125 0.6666666666666666 0.0859375 0.2