6 0.21171875 0.165625 0.05078125 0.10416666666666667
6 0.49453125 0.18854166666666666 0.04921875 0.1
6 0.65 0.7010416666666667 0.06796875 0.15729166666666666
5 0.228125 0.18020833333333333 0.09765625 0.19895833333333332
5 0.4828125 0.23125 0.0953125 0.23125
5 0.6328125 0.6958333333333333 0.12734375 0.2520833333333333
1 0.30390625 0.125 0.05078125 0.18958333333333333
1 0.38359375 0.196875 0.0765625 0.16666666666666666
1 0.31171875 0.2635416666666667 0.09765625 0.153125
1 0.44921875 0.5197916666666667 0.08359375 0.303125
1 0.70703125 0.5041666666666667 0.08828125 0.30104166666666665
3 0.0984375 0.928125 0.196875 0.14375