6 0.23359375 0.17395833333333333 0.046875 0.11041666666666666
6 0.32421875 0.2635416666666667 0.046875 0.0875
6 0.50234375 0.18020833333333333 0.071875 0.09166666666666666
6 0.62578125 0.7177083333333333 0.084375 0.18125
5 0.24921875 0.190625 0.096875 0.19166666666666668
5 0.48515625 0.225 0.1015625 0.20208333333333334
5 0.32421875 0.253125 0.0765625 0.1375
5 0.60625 0.6802083333333333 0.121875 0.20625
1 0.31953125 0.115625 0.0578125 0.19375
1 0.3875 0.19479166666666667 0.065625 0.18958333333333333
1 0.44609375 0.5020833333333333 0.0765625 0.33125
1 0.70625 0.5135416666666667 0.1015625 0.3