3 0.934375 0.06354166666666666 0.075 0.12708333333333333
1 0.72890625 0.15833333333333333 0.0921875 0.225
1 0.6609375 0.09791666666666667 0.09375 0.19583333333333333
1 0.5875 0.18645833333333334 0.071875 0.15
1 0.50625 0.24166666666666667 0.1203125 0.2791666666666667
5 0.66953125 0.27291666666666664 0.096875 0.18125
6 0.66171875 0.27708333333333335 0.0734375 0.14791666666666667
1 0.29375 0.48333333333333334 0.096875 0.31666666666666665
1 0.53359375 0.4979166666666667 0.06875 0.26666666666666666
5 0.38828125 0.7302083333333333 0.1375 0.3333333333333333
6 0.3859375 0.6895833333333333 0.0953125 0.20625