1 0.25625 0.21145833333333333 0.05546875 0.18333333333333332
1 0.30859375 0.10625 0.04609375 0.12604166666666666
1 0.38984375 0.1875 0.040625 0.12916666666666668
1 0.4640625 0.23854166666666668 0.0328125 0.14791666666666667
1 0.459375 0.5020833333333333 0.053125 0.29375
5 0.328125 0.2635416666666667 0.08515625 0.17291666666666666
6 0.328125 0.2677083333333333 0.05234375 0.134375
1 0.73046875 0.5104166666666666 0.04921875 0.24583333333333332
5 0.621875 0.6760416666666667 0.11484375 0.25625
6 0.63515625 0.6958333333333333 0.05390625 0.15416666666666667
3 0.43125 0.19479166666666667 0.0390625 0.32395833333333335