1 0.30625 0.1 0.05703125 0.1625
1 0.3765625 0.18541666666666667 0.0625 0.18020833333333333
1 0.3140625 0.25833333333333336 0.08046875 0.15
1 0.4515625 0.5135416666666667 0.0796875 0.3104166666666667
1 0.71328125 0.46770833333333334 0.078125 0.3145833333333333
6 0.628125 0.7072916666666667 0.071875 0.10833333333333334
6 0.21796875 0.15833333333333333 0.0484375 0.090625
6 0.49296875 0.16875 0.0375 0.0875
5 0.2328125 0.17916666666666667 0.08828125 0.19166666666666668
5 0.47734375 0.22604166666666667 0.0953125 0.25729166666666664
5 0.61875 0.6708333333333333 0.1109375 0.23125