6 0.21171875 0.159375 0.0453125 0.10208333333333333
6 0.48515625 0.17291666666666666 0.0484375 0.08541666666666667
6 0.6234375 0.696875 0.078125 0.15729166666666666
5 0.2265625 0.20208333333333334 0.10703125 0.21979166666666666
5 0.46796875 0.21979166666666666 0.08203125 0.20416666666666666
5 0.625 0.6885416666666667 0.11953125 0.22916666666666666
1 0.3078125 0.13125 0.053125 0.16875
1 0.38125 0.19895833333333332 0.06015625 0.17604166666666668
1 0.30703125 0.25625 0.08046875 0.11354166666666667
1 0.4515625 0.5166666666666667 0.0796875 0.3104166666666667
1 0.7109375 0.49270833333333336 0.078125 0.26875