1 0.23203125 0.21354166666666666 0.09375 0.16458333333333333
1 0.290625 0.10520833333333333 0.0671875 0.18541666666666667
1 0.38203125 0.18229166666666666 0.071875 0.17916666666666667
5 0.31875 0.28229166666666666 0.0765625 0.16041666666666668
6 0.32265625 0.30416666666666664 0.0484375 0.06875
1 0.4671875 0.21458333333333332 0.1078125 0.3104166666666667
1 0.46640625 0.5333333333333333 0.0734375 0.30833333333333335
1 0.71875 0.49270833333333336 0.0765625 0.28125
5 0.62890625 0.6822916666666666 0.1265625 0.24791666666666667
3 0.409375 0.14375 0.0828125 0.1375
6 0.646875 0.69375 0.0640625 0.15208333333333332