1 0.32109375 0.07916666666666666 0.0515625 0.15833333333333333
1 0.3828125 0.165625 0.065625 0.17916666666666667
1 0.32734375 0.23125 0.0875 0.13541666666666666
1 0.45078125 0.5166666666666667 0.071875 0.3375
1 0.71484375 0.5104166666666666 0.0921875 0.3125
6 0.2359375 0.128125 0.0515625 0.08333333333333333
6 0.51015625 0.18125 0.0609375 0.08125
6 0.62265625 0.7104166666666667 0.090625 0.16458333333333333
5 0.2453125 0.17604166666666668 0.1203125 0.25625
5 0.49140625 0.24479166666666666 0.1109375 0.2125
5 0.62421875 0.7010416666666667 0.1359375 0.27708333333333335