3 0.2234375 0.109375 0.0609375 0.11875
6 0.32421875 0.27395833333333336 0.071875 0.11041666666666666
6 0.49140625 0.16979166666666667 0.0671875 0.1
6 0.6359375 0.7458333333333333 0.1046875 0.2
1 0.2890625 0.19375 0.0453125 0.16458333333333333
1 0.315625 0.075 0.05625 0.13541666666666666
1 0.3765625 0.178125 0.0671875 0.13958333333333334
1 0.4546875 0.5010416666666667 0.0921875 0.3020833333333333
1 0.71953125 0.5041666666666667 0.1046875 0.275
5 0.4828125 0.21041666666666667 0.1046875 0.21875
5 0.32578125 0.271875 0.0953125 0.13333333333333333
5 0.62734375 0.7458333333333333 0.1703125 0.40208333333333335