3 0.221875 0.09166666666666666 0.05078125 0.13229166666666667
6 0.31015625 0.29583333333333334 0.06484375 0.0875
6 0.48359375 0.159375 0.04296875 0.07916666666666666
6 0.63125 0.7010416666666667 0.053125 0.16666666666666666
5 0.3078125 0.28541666666666665 0.0921875 0.14583333333333334
5 0.4703125 0.20625 0.08828125 0.20833333333333334
5 0.6109375 0.68125 0.10546875 0.196875
1 0.3046875 0.0875 0.04140625 0.14791666666666667
1 0.38046875 0.19166666666666668 0.0546875 0.16666666666666666
1 0.4609375 0.5041666666666667 0.078125 0.29583333333333334
1 0.71796875 0.51875 0.10546875 0.3104166666666667
1 0.3109375 0.1875 0.07265625 0.125