6 0.2171875 0.1625 0.04296875 0.09270833333333334
6 0.31328125 0.2875 0.05859375 0.096875
6 0.490625 0.17708333333333334 0.05234375 0.11354166666666667
6 0.62734375 0.6875 0.06484375 0.17604166666666668
5 0.2359375 0.209375 0.09375 0.215625
5 0.47890625 0.228125 0.09375 0.215625
5 0.31875 0.253125 0.07265625 0.13229166666666667
5 0.61484375 0.6979166666666666 0.125 0.1875
1 0.45859375 0.5145833333333333 0.0625 0.284375
1 0.3 0.09375 0.0375 0.159375
1 0.3765625 0.1875 0.071875 0.16666666666666666
1 0.70390625 0.5104166666666666 0.1078125 0.275