1 0.26015625 0.171875 0.0953125 0.16666666666666666
1 0.328125 0.08333333333333333 0.06875 0.16666666666666666
1 0.41171875 0.165625 0.075 0.17916666666666667
5 0.33984375 0.25416666666666665 0.078125 0.1625
6 0.34140625 0.2760416666666667 0.0484375 0.07083333333333333
1 0.49296875 0.21145833333333333 0.1125 0.3125
1 0.46328125 0.528125 0.0765625 0.30833333333333335
1 0.71796875 0.5291666666666667 0.0796875 0.28125
5 0.61171875 0.7010416666666667 0.1296875 0.25
3 0.06171875 0.2833333333333333 0.1140625 0.21666666666666667
6 0.628125 0.7166666666666667 0.0671875 0.15416666666666667