3 0.43515625 0.178125 0.059375 0.0875
6 0.21875 0.14270833333333333 0.0421875 0.09583333333333334
6 0.51015625 0.17395833333333333 0.0484375 0.08333333333333333
6 0.62734375 0.73125 0.078125 0.15625
5 0.23671875 0.175 0.1203125 0.18541666666666667
1 0.32890625 0.23333333333333334 0.0890625 0.13333333333333333
1 0.321875 0.071875 0.06875 0.13541666666666666
1 0.3953125 0.16354166666666667 0.05 0.1375
5 0.50703125 0.22708333333333333 0.0921875 0.2375
5 0.60546875 0.709375 0.140625 0.2708333333333333
1 0.46328125 0.496875 0.0734375 0.28541666666666665
1 0.71171875 0.515625 0.08125 0.2375