3 0.4453125 0.5833333333333334 0.06875 0.17916666666666667
6 0.2265625 0.15104166666666666 0.0453125 0.09166666666666666
6 0.49765625 0.178125 0.0484375 0.10416666666666667
6 0.62890625 0.7125 0.0734375 0.17083333333333334
5 0.234375 0.18125 0.1015625 0.19583333333333333
5 0.48046875 0.23854166666666668 0.10625 0.2520833333333333
5 0.621875 0.7052083333333333 0.1375 0.275
1 0.31640625 0.10625 0.0609375 0.16666666666666666
1 0.38515625 0.19270833333333334 0.071875 0.1625
1 0.31171875 0.24375 0.0828125 0.13541666666666666
1 0.45625 0.44583333333333336 0.05625 0.15625
1 0.709375 0.5083333333333333 0.0875 0.24583333333333332