1 0.3765625 0.19791666666666666 0.071875 0.196875
1 0.3 0.09270833333333334 0.05859375 0.17083333333333334
1 0.30859375 0.271875 0.08046875 0.15
1 0.46015625 0.4239583333333333 0.03515625 0.115625
1 0.715625 0.478125 0.05859375 0.23854166666666668
3 0.425 0.44895833333333335 0.06640625 0.13854166666666667
6 0.4890625 0.17708333333333334 0.040625 0.07604166666666666
6 0.2171875 0.15520833333333334 0.03671875 0.08333333333333333
6 0.64375 0.7083333333333334 0.0453125 0.153125
5 0.471875 0.23958333333333334 0.0765625 0.215625
5 0.23359375 0.20104166666666667 0.0921875 0.22708333333333333
5 0.6203125 0.684375 0.1109375 0.24791666666666667