6 0.209375 0.17083333333333334 0.046875 0.10625
6 0.49140625 0.18333333333333332 0.053125 0.0875
6 0.63046875 0.7125 0.07578125 0.14791666666666667
6 0.31875 0.26875 0.04296875 0.08333333333333333
5 0.23203125 0.19479166666666667 0.09921875 0.23125
5 0.32578125 0.26979166666666665 0.06796875 0.11770833333333333
5 0.46875 0.24166666666666667 0.08046875 0.225
5 0.6265625 0.7020833333333333 0.11171875 0.22916666666666666
1 0.30703125 0.10520833333333333 0.05234375 0.20104166666666667
1 0.38125 0.18020833333333333 0.06640625 0.19479166666666667
1 0.453125 0.5125 0.06015625 0.31666666666666665
1 0.709375 0.5083333333333333 0.11328125 0.2989583333333333