1 0.33515625 0.06458333333333334 0.0484375 0.12916666666666668
1 0.2671875 0.17083333333333334 0.0609375 0.1875
1 0.40078125 0.178125 0.0671875 0.15416666666666667
1 0.4671875 0.49583333333333335 0.0609375 0.26458333333333334
1 0.73125 0.5041666666666667 0.0796875 0.3125
6 0.51328125 0.17708333333333334 0.046875 0.10416666666666667
6 0.33359375 0.265625 0.0734375 0.08541666666666667
6 0.62265625 0.7239583333333334 0.09375 0.2
5 0.3390625 0.27395833333333336 0.090625 0.16041666666666668
5 0.49609375 0.246875 0.109375 0.2708333333333333
5 0.61640625 0.7197916666666667 0.175 0.37916666666666665