1 0.25390625 0.19583333333333333 0.05546875 0.16875
1 0.3125 0.09895833333333333 0.04921875 0.178125
1 0.38828125 0.19166666666666668 0.04609375 0.12291666666666666
5 0.32421875 0.284375 0.0890625 0.221875
6 0.32578125 0.278125 0.05234375 0.16041666666666668
3 0.43125 0.203125 0.053125 0.23020833333333332
1 0.4625 0.46458333333333335 0.03046875 0.19583333333333333
5 0.6453125 0.6802083333333333 0.1421875 0.25833333333333336
6 0.63671875 0.6958333333333333 0.0671875 0.14375
1 0.7328125 0.4822916666666667 0.0421875 0.23020833333333332
1 0.45625 0.17083333333333334 0.02421875 0.07083333333333333