3 0.04453125 0.21458333333333332 0.0890625 0.26979166666666665
1 0.234375 0.19583333333333333 0.03828125 0.18229166666666666
1 0.3125 0.09479166666666666 0.0453125 0.14583333333333334
1 0.39375 0.18333333333333332 0.05234375 0.16666666666666666
1 0.45625 0.23541666666666666 0.04140625 0.15520833333333334
5 0.32421875 0.2760416666666667 0.07265625 0.159375
6 0.32421875 0.2625 0.05078125 0.08854166666666667
1 0.4453125 0.5072916666666667 0.07890625 0.3020833333333333
1 0.72109375 0.5104166666666666 0.07421875 0.26458333333333334
5 0.62265625 0.6822916666666666 0.109375 0.26875
6 0.63125 0.7010416666666667 0.0796875 0.184375