6 0.7515625 0.115625 0.0546875 0.10833333333333334
6 0.48515625 0.20104166666666667 0.05625 0.13125
6 0.3765625 0.7375 0.090625 0.17708333333333334
3 0.5 0.6510416666666666 0.075 0.15208333333333332
5 0.740625 0.13854166666666667 0.1125 0.23125
5 0.5 0.22708333333333333 0.1140625 0.25833333333333336
5 0.39375 0.7229166666666667 0.146875 0.28541666666666665
1 0.665625 0.09166666666666666 0.078125 0.18333333333333332
1 0.59765625 0.171875 0.06875 0.18125
1 0.6671875 0.23229166666666667 0.0921875 0.14791666666666667
1 0.55390625 0.471875 0.0921875 0.2625
1 0.2875 0.5239583333333333 0.1078125 0.25