3 0.9390625 0.13958333333333334 0.0984375 0.25625
1 0.73125 0.19375 0.06875 0.18125
1 0.6640625 0.09479166666666666 0.0578125 0.17708333333333334
1 0.590625 0.17916666666666667 0.0640625 0.13125
1 0.521875 0.25833333333333336 0.0625 0.18125
5 0.6609375 0.2708333333333333 0.1109375 0.25
6 0.66953125 0.26145833333333335 0.06875 0.13958333333333334
1 0.534375 0.475 0.05625 0.23958333333333334
1 0.27109375 0.5114583333333333 0.0671875 0.28958333333333336
5 0.38984375 0.6989583333333333 0.1265625 0.25
6 0.39296875 0.7197916666666667 0.0890625 0.18958333333333333