1 0.30078125 0.125 0.05234375 0.18020833333333333
1 0.375 0.2 0.0546875 0.159375
1 0.309375 0.24895833333333334 0.0875 0.12708333333333333
1 0.4515625 0.49375 0.0765625 0.3125
1 0.71328125 0.490625 0.08359375 0.28229166666666666
6 0.2078125 0.17291666666666666 0.0453125 0.090625
6 0.4796875 0.19166666666666668 0.0609375 0.06979166666666667
6 0.640625 0.7072916666666667 0.07265625 0.14583333333333334
5 0.22890625 0.21145833333333333 0.109375 0.21041666666666667
5 0.48203125 0.24270833333333333 0.09921875 0.25
5 0.6203125 0.6979166666666666 0.134375 0.25729166666666664