1 0.3 0.090625 0.04296875 0.16666666666666666
1 0.365625 0.17708333333333334 0.05625 0.17395833333333333
1 0.3140625 0.24791666666666667 0.08046875 0.12916666666666668
1 0.4515625 0.5208333333333334 0.0546875 0.3333333333333333
1 0.71484375 0.490625 0.07578125 0.30520833333333336
6 0.2171875 0.153125 0.0484375 0.07916666666666666
6 0.49375 0.18125 0.05703125 0.07604166666666666
6 0.63359375 0.6989583333333333 0.08203125 0.15729166666666666
5 0.22890625 0.20104166666666667 0.10703125 0.24583333333333332
5 0.478125 0.24583333333333332 0.1 0.20416666666666666
5 0.634375 0.6885416666666667 0.12265625 0.26666666666666666