6 0.21484375 0.165625 0.04921875 0.09479166666666666
6 0.3203125 0.278125 0.04453125 0.09270833333333334
6 0.4921875 0.18020833333333333 0.05234375 0.115625
6 0.63671875 0.7166666666666667 0.06796875 0.15
5 0.228125 0.190625 0.1234375 0.215625
5 0.48046875 0.23854166666666668 0.09375 0.25
5 0.3203125 0.2677083333333333 0.08359375 0.17395833333333333
1 0.30859375 0.11145833333333334 0.0625 0.19479166666666667
1 0.38046875 0.18645833333333334 0.0625 0.18333333333333332
1 0.44765625 0.5020833333333333 0.06796875 0.2916666666666667
1 0.71640625 0.503125 0.09375 0.26666666666666666
5 0.625 0.7020833333333333 0.1484375 0.26145833333333335