3 0.5109375 0.6416666666666667 0.08984375 0.1625
6 0.63203125 0.7114583333333333 0.0640625 0.18333333333333332
6 0.2171875 0.18645833333333334 0.071875 0.13229166666666667
6 0.48984375 0.175 0.0703125 0.10416666666666667
1 0.3015625 0.10520833333333333 0.06640625 0.17395833333333333
1 0.38046875 0.19479166666666667 0.0546875 0.18020833333333333
1 0.31015625 0.25729166666666664 0.08359375 0.14375
1 0.4515625 0.46770833333333334 0.06484375 0.19895833333333332
1 0.715625 0.465625 0.0640625 0.26875
5 0.21953125 0.2 0.115625 0.17395833333333333
5 0.475 0.20833333333333334 0.09765625 0.23125
5 0.6265625 0.6885416666666667 0.10390625 0.225