1 0.64296875 0.21354166666666666 0.084375 0.20416666666666666
1 0.72578125 0.11770833333333333 0.0703125 0.17708333333333334
1 0.70546875 0.2947916666666667 0.0890625 0.15833333333333333
1 0.54453125 0.42916666666666664 0.0421875 0.11875
1 0.28671875 0.453125 0.075 0.24583333333333332
3 0.578125 0.4583333333333333 0.075 0.14583333333333334
6 0.53203125 0.17916666666666667 0.0453125 0.07916666666666666
6 0.80390625 0.18958333333333333 0.0421875 0.0875
6 0.34296875 0.690625 0.0546875 0.15833333333333333
5 0.5453125 0.24375 0.0890625 0.225
5 0.78515625 0.23333333333333334 0.10625 0.2375
5 0.36796875 0.6697916666666667 0.1265625 0.2604166666666667