6 0.2125 0.16041666666666668 0.046875 0.11354166666666667
3 0.30546875 0.665625 0.0875 0.18333333333333332
6 0.4828125 0.17604166666666668 0.06015625 0.07916666666666666
6 0.63203125 0.7020833333333333 0.0640625 0.14166666666666666
5 0.225 0.18645833333333334 0.10546875 0.23333333333333334
5 0.4734375 0.23229166666666667 0.1 0.23333333333333334
5 0.62265625 0.7010416666666667 0.12734375 0.221875
1 0.30078125 0.10729166666666666 0.05234375 0.1875
1 0.3703125 0.19583333333333333 0.0609375 0.15
1 0.3109375 0.25625 0.0921875 0.15
1 0.45234375 0.521875 0.0796875 0.3125
1 0.71015625 0.478125 0.0953125 0.31666666666666665