1 0.31640625 0.096875 0.04453125 0.17083333333333334
1 0.253125 0.20416666666666666 0.05078125 0.1625
1 0.39296875 0.18645833333333334 0.06015625 0.13645833333333332
1 0.4625 0.49270833333333336 0.04140625 0.30104166666666665
1 0.72734375 0.50625 0.0765625 0.303125
6 0.490625 0.175 0.04140625 0.071875
6 0.63125 0.6989583333333333 0.0875 0.1625
6 0.32109375 0.2791666666666667 0.0484375 0.11770833333333333
5 0.321875 0.2677083333333333 0.07265625 0.17395833333333333
5 0.484375 0.20729166666666668 0.06796875 0.196875
5 0.61953125 0.6875 0.13046875 0.25