6 0.78359375 0.159375 0.053125 0.10625
6 0.5015625 0.18854166666666666 0.05 0.10208333333333333
6 0.35234375 0.7041666666666667 0.0703125 0.15833333333333333
5 0.76796875 0.17395833333333333 0.1 0.2
5 0.51328125 0.23125 0.0984375 0.23333333333333334
5 0.36953125 0.6989583333333333 0.13125 0.25416666666666665
1 0.69140625 0.12083333333333333 0.053125 0.19166666666666668
1 0.6125 0.19375 0.078125 0.16875
1 0.68515625 0.259375 0.1 0.15416666666666667
1 0.55078125 0.51875 0.0875 0.30416666666666664
1 0.29296875 0.509375 0.0921875 0.3020833333333333
3 0.90390625 0.9177083333333333 0.1921875 0.14791666666666667