3 0.48125 0.659375 0.078125 0.16666666666666666
6 0.36796875 0.6854166666666667 0.05625 0.13958333333333334
6 0.79375 0.17291666666666666 0.05625 0.075
6 0.5265625 0.19166666666666668 0.046875 0.09583333333333334
5 0.7765625 0.2125 0.1109375 0.19583333333333333
5 0.5328125 0.22604166666666667 0.090625 0.20416666666666666
5 0.3640625 0.690625 0.1234375 0.23333333333333334
1 0.70625 0.10520833333333333 0.06875 0.18958333333333333
1 0.6234375 0.19479166666666667 0.05625 0.15625
1 0.68828125 0.2760416666666667 0.1046875 0.15416666666666667
1 0.55390625 0.478125 0.075 0.25416666666666665
1 0.284375 0.48125 0.0953125 0.2791666666666667