3 0.04375 0.12083333333333333 0.0828125 0.24166666666666667
1 0.31015625 0.109375 0.0484375 0.14895833333333333
1 0.25234375 0.21354166666666666 0.0484375 0.17083333333333334
1 0.3953125 0.19479166666666667 0.059375 0.13958333333333334
5 0.3203125 0.26666666666666666 0.07109375 0.12395833333333334
6 0.32578125 0.275 0.05234375 0.08854166666666667
1 0.46484375 0.49583333333333335 0.0546875 0.31875
1 0.4640625 0.26666666666666666 0.03671875 0.1875
1 0.72109375 0.5083333333333333 0.07578125 0.3020833333333333
5 0.6203125 0.6989583333333333 0.1390625 0.27708333333333335
6 0.64296875 0.6916666666666667 0.0875 0.16354166666666667