6 0.74296875 0.11041666666666666 0.059375 0.11875
6 0.659375 0.2625 0.0578125 0.09375
6 0.48671875 0.17708333333333334 0.0671875 0.1125
6 0.38125 0.73125 0.0984375 0.21666666666666667
5 0.73125 0.16458333333333333 0.11875 0.26875
5 0.66328125 0.2552083333333333 0.090625 0.17708333333333334
5 0.50078125 0.23020833333333332 0.13125 0.25
5 0.3859375 0.7302083333333333 0.159375 0.3020833333333333
1 0.6578125 0.08645833333333333 0.0625 0.17291666666666666
1 0.5953125 0.16875 0.0671875 0.17708333333333334
1 0.546875 0.49895833333333334 0.11875 0.32083333333333336
1 0.28671875 0.5270833333333333 0.1078125 0.29791666666666666