3 0.02734375 0.09375 0.0546875 0.16666666666666666
3 0.5265625 0.403125 0.1078125 0.48125
1 0.246875 0.22291666666666668 0.078125 0.18958333333333333
1 0.3109375 0.109375 0.04375 0.14583333333333334
1 0.38203125 0.19166666666666668 0.0609375 0.1625
1 0.453125 0.24583333333333332 0.0453125 0.175
5 0.3140625 0.26875 0.065625 0.16041666666666668
6 0.31328125 0.2791666666666667 0.04375 0.11041666666666666
1 0.45234375 0.46041666666666664 0.0484375 0.25833333333333336
1 0.64453125 0.6708333333333333 0.1671875 0.37083333333333335
1 0.7265625 0.48854166666666665 0.0625 0.29791666666666666