6 0.21640625 0.16458333333333333 0.046875 0.0875
6 0.48984375 0.17395833333333333 0.046875 0.09270833333333334
6 0.6375 0.7125 0.0640625 0.16666666666666666
5 0.23515625 0.19166666666666668 0.09765625 0.18541666666666667
5 0.46796875 0.24270833333333333 0.071875 0.240625
5 0.62578125 0.6947916666666667 0.115625 0.23645833333333333
1 0.29921875 0.10625 0.04140625 0.17604166666666668
1 0.37890625 0.19479166666666667 0.0546875 0.15729166666666666
1 0.4546875 0.509375 0.0765625 0.34270833333333334
1 0.70703125 0.5020833333333333 0.07578125 0.259375
1 0.3140625 0.25416666666666665 0.08046875 0.125