3 0.51640625 0.28020833333333334 0.0609375 0.12083333333333333
6 0.209375 0.16770833333333332 0.04453125 0.11354166666666667
6 0.48046875 0.165625 0.0390625 0.09479166666666666
6 0.6265625 0.7166666666666667 0.07265625 0.12708333333333333
5 0.228125 0.18645833333333334 0.0953125 0.23854166666666668
5 0.465625 0.23020833333333332 0.0640625 0.22916666666666666
5 0.62265625 0.725 0.11953125 0.24583333333333332
1 0.29140625 0.08125 0.0546875 0.14791666666666667
1 0.37734375 0.1875 0.05703125 0.1625
1 0.31171875 0.2520833333333333 0.0796875 0.153125
1 0.44609375 0.5020833333333333 0.0609375 0.2635416666666667
1 0.7171875 0.4864583333333333 0.07421875 0.24583333333333332