1 0.22578125 0.234375 0.090625 0.175
3 0.03828125 0.20104166666666667 0.0765625 0.28125
1 0.2859375 0.14375 0.06875 0.20416666666666666
1 0.365625 0.2 0.075 0.15416666666666667
1 0.4328125 0.25416666666666665 0.06875 0.19166666666666668
5 0.29453125 0.29270833333333335 0.1078125 0.19375
6 0.29921875 0.2989583333333333 0.0671875 0.12083333333333333
1 0.4640625 0.51875 0.0921875 0.30833333333333335
1 0.72734375 0.45729166666666665 0.0703125 0.27291666666666664
5 0.64765625 0.6645833333333333 0.1578125 0.29375
6 0.64921875 0.6802083333333333 0.0984375 0.16458333333333333