6 0.21640625 0.146875 0.03671875 0.11770833333333333
6 0.478125 0.17083333333333334 0.04453125 0.10208333333333333
6 0.62109375 0.6979166666666666 0.0703125 0.16875
5 0.22890625 0.18020833333333333 0.109375 0.23125
5 0.459375 0.23958333333333334 0.078125 0.23333333333333334
5 0.62421875 0.7020833333333333 0.13125 0.23854166666666668
1 0.303125 0.103125 0.04921875 0.20625
1 0.378125 0.18958333333333333 0.071875 0.16666666666666666
1 0.31171875 0.24895833333333334 0.07421875 0.16458333333333333
1 0.4453125 0.4895833333333333 0.06484375 0.23854166666666668
1 0.71328125 0.5083333333333333 0.06796875 0.284375
3 0.5171875 0.6520833333333333 0.053125 0.13645833333333332