6 0.21171875 0.159375 0.0453125 0.08333333333333333
6 0.48515625 0.18333333333333332 0.03515625 0.07916666666666666
6 0.6203125 0.6958333333333333 0.071875 0.15520833333333334
5 0.228125 0.20208333333333334 0.09921875 0.215625
5 0.47265625 0.23541666666666666 0.07578125 0.20625
5 0.61875 0.6854166666666667 0.134375 0.25416666666666665
1 0.30625 0.12083333333333333 0.05078125 0.18541666666666667
1 0.37734375 0.19583333333333333 0.05703125 0.15520833333333334
1 0.3078125 0.25625 0.0796875 0.14166666666666666
1 0.446875 0.5239583333333333 0.06796875 0.31666666666666665
1 0.72109375 0.48125 0.0859375 0.27291666666666664