6 0.75078125 0.19583333333333333 0.0640625 0.07916666666666666
6 0.52421875 0.17708333333333334 0.05 0.0875
6 0.365625 0.7 0.0859375 0.13125
6 0.6953125 0.3104166666666667 0.0609375 0.11041666666666666
5 0.7453125 0.21354166666666666 0.1109375 0.18958333333333333
5 0.69453125 0.29375 0.1078125 0.17083333333333334
5 0.53984375 0.24375 0.1125 0.24583333333333332
5 0.3640625 0.6927083333333334 0.1546875 0.27291666666666664
1 0.2875 0.48333333333333334 0.10625 0.29375
1 0.5484375 0.5052083333333334 0.0984375 0.30833333333333335
1 0.71953125 0.12083333333333333 0.0578125 0.13958333333333334
1 0.63828125 0.20416666666666666 0.0734375 0.16041666666666668