1 0.24375 0.19479166666666667 0.08671875 0.15833333333333333
1 0.30625 0.090625 0.06015625 0.18125
1 0.39453125 0.175 0.065625 0.17395833333333333
5 0.32734375 0.26979166666666665 0.0703125 0.15520833333333334
6 0.33046875 0.2916666666666667 0.04609375 0.06666666666666667
1 0.478125 0.2125 0.09609375 0.30416666666666664
1 0.46484375 0.53125 0.0609375 0.30416666666666664
1 0.71875 0.5083333333333333 0.065625 0.27708333333333335
5 0.621875 0.690625 0.1171875 0.240625
3 0.33359375 0.10729166666666666 0.078125 0.13229166666666667
6 0.6390625 0.7041666666666667 0.05859375 0.14791666666666667