6 0.2109375 0.13958333333333334 0.0390625 0.1
6 0.48828125 0.16875 0.04453125 0.09270833333333334
6 0.6265625 0.6958333333333333 0.0796875 0.14166666666666666
5 0.2328125 0.18854166666666666 0.1109375 0.2989583333333333
5 0.46953125 0.228125 0.084375 0.23333333333333334
5 0.6265625 0.6770833333333334 0.11953125 0.2520833333333333
1 0.3015625 0.10104166666666667 0.0453125 0.13645833333333332
1 0.3828125 0.190625 0.06484375 0.16458333333333333
1 0.45390625 0.5166666666666667 0.06875 0.3333333333333333
1 0.72109375 0.49895833333333334 0.09140625 0.26145833333333335
6 0.35234375 0.23541666666666666 0.0375 0.071875
1 0.32578125 0.24270833333333333 0.109375 0.16666666666666666