1 0.24765625 0.18854166666666666 0.0890625 0.16041666666666668
1 0.3109375 0.08854166666666667 0.0625 0.17708333333333334
1 0.3984375 0.17291666666666666 0.0671875 0.175
5 0.33046875 0.265625 0.071875 0.15833333333333333
6 0.33359375 0.2875 0.046875 0.06875
5 0.48203125 0.2125 0.1 0.30625
1 0.4640625 0.5302083333333333 0.065625 0.30625
1 0.71875 0.5135416666666667 0.06875 0.27708333333333335
5 0.61953125 0.69375 0.1203125 0.24375
6 0.4859375 0.184375 0.0796875 0.13333333333333333
6 0.63671875 0.7072916666666667 0.0609375 0.15