6 0.22890625 0.14895833333333333 0.046875 0.12708333333333333
6 0.315625 0.27395833333333336 0.05078125 0.071875
6 0.4875 0.17291666666666666 0.0453125 0.09479166666666666
6 0.634375 0.7322916666666667 0.0953125 0.18333333333333332
5 0.2390625 0.16770833333333332 0.09765625 0.23333333333333334
5 0.31953125 0.26875 0.0796875 0.14791666666666667
5 0.47734375 0.209375 0.0875 0.21979166666666666
1 0.3140625 0.1 0.07265625 0.19895833333333332
1 0.38671875 0.19479166666666667 0.078125 0.1625
1 0.4546875 0.509375 0.09375 0.32916666666666666
1 0.70703125 0.49166666666666664 0.1015625 0.30833333333333335
5 0.62109375 0.725 0.15078125 0.27291666666666664