3 0.92109375 0.1625 0.1359375 0.23125
6 0.665625 0.253125 0.053125 0.08333333333333333
6 0.36953125 0.7020833333333333 0.0640625 0.15
5 0.38671875 0.6947916666666667 0.159375 0.3125
5 0.665625 0.24791666666666667 0.0796875 0.14583333333333334
1 0.5078125 0.22395833333333334 0.0953125 0.28541666666666665
1 0.66796875 0.08541666666666667 0.0578125 0.17083333333333334
1 0.5984375 0.17604166666666668 0.065625 0.17291666666666666
1 0.7328125 0.19583333333333333 0.0625 0.18333333333333332
1 0.28515625 0.5333333333333333 0.0765625 0.2833333333333333
1 0.5453125 0.5041666666666667 0.10625 0.30625