6 0.215625 0.165625 0.0484375 0.090625
6 0.49140625 0.18125 0.0484375 0.090625
6 0.32109375 0.275 0.07421875 0.07395833333333333
6 0.628125 0.696875 0.06875 0.14375
5 0.23125 0.20520833333333333 0.10546875 0.21041666666666667
5 0.32890625 0.26145833333333335 0.0953125 0.11145833333333334
5 0.478125 0.23333333333333334 0.0953125 0.19479166666666667
5 0.6203125 0.6885416666666667 0.12890625 0.23854166666666668
1 0.303125 0.10208333333333333 0.05234375 0.18020833333333333
1 0.37265625 0.18125 0.0625 0.17395833333333333
1 0.453125 0.5010416666666667 0.0625 0.3260416666666667
1 0.71328125 0.49270833333333336 0.10703125 0.2635416666666667