1 0.2484375 0.19791666666666666 0.0765625 0.165625
3 0.046875 0.13541666666666666 0.08984375 0.2708333333333333
1 0.31484375 0.115625 0.053125 0.19895833333333332
1 0.38984375 0.18333333333333332 0.06328125 0.146875
1 0.45234375 0.24583333333333332 0.05390625 0.18541666666666667
5 0.31171875 0.265625 0.09375 0.18229166666666666
6 0.31640625 0.271875 0.05859375 0.11354166666666667
1 0.4625 0.5135416666666667 0.0703125 0.3
1 0.7296875 0.4895833333333333 0.05 0.26666666666666666
5 0.63359375 0.684375 0.1375 0.2760416666666667
6 0.634375 0.7 0.0859375 0.153125