6 0.23359375 0.134375 0.0609375 0.1125
6 0.50546875 0.16666666666666666 0.05625 0.09583333333333334
6 0.62109375 0.71875 0.0984375 0.18125
3 0.48671875 0.5208333333333334 0.0765625 0.17083333333333334
5 0.2484375 0.17395833333333333 0.1203125 0.21041666666666667
5 0.4953125 0.240625 0.09375 0.28541666666666665
5 0.6109375 0.7208333333333333 0.15 0.275
1 0.32734375 0.08645833333333333 0.0625 0.14166666666666666
1 0.39453125 0.18645833333333334 0.0640625 0.17083333333333334
1 0.32578125 0.22708333333333333 0.08125 0.10208333333333333
1 0.4453125 0.465625 0.0765625 0.29583333333333334
1 0.7140625 0.5260416666666666 0.096875 0.26875