3 0.0375 0.11666666666666667 0.075 0.23333333333333334
3 0.40859375 0.184375 0.05390625 0.22083333333333333
1 0.24609375 0.21041666666666667 0.06875 0.16875
1 0.2953125 0.08541666666666667 0.07734375 0.12604166666666666
1 0.371875 0.18333333333333332 0.03125 0.134375
5 0.321875 0.2635416666666667 0.07265625 0.15
6 0.32109375 0.2677083333333333 0.0546875 0.12291666666666666
3 0.4625 0.48020833333333335 0.04453125 0.2635416666666667
1 0.4640625 0.48333333333333334 0.0515625 0.2708333333333333
1 0.74296875 0.49375 0.03046875 0.24166666666666667
1 0.61015625 0.715625 0.15703125 0.36666666666666664