6 0.22265625 0.18020833333333333 0.06796875 0.115625
6 0.3171875 0.28541666666666665 0.05859375 0.08541666666666667
6 0.490625 0.1875 0.05078125 0.096875
6 0.62421875 0.6697916666666667 0.1 0.13229166666666667
5 0.234375 0.19791666666666666 0.1015625 0.19166666666666668
5 0.4703125 0.23020833333333332 0.10390625 0.23333333333333334
5 0.321875 0.26875 0.084375 0.15729166666666666
5 0.615625 0.684375 0.134375 0.215625
1 0.31015625 0.09791666666666667 0.0390625 0.15
1 0.37734375 0.18125 0.07578125 0.16458333333333333
1 0.4484375 0.5114583333333333 0.06640625 0.3333333333333333
1 0.70703125 0.5041666666666667 0.10390625 0.29583333333333334