6 0.2171875 0.15833333333333333 0.04296875 0.09479166666666666
6 0.48828125 0.15729166666666666 0.0390625 0.10208333333333333
6 0.63203125 0.70625 0.071875 0.125
5 0.23515625 0.19375 0.09765625 0.20625
5 0.47578125 0.22708333333333333 0.0953125 0.27291666666666664
5 0.6234375 0.696875 0.12109375 0.21770833333333334
1 0.30625 0.11458333333333333 0.04921875 0.17395833333333333
1 0.38125 0.19895833333333332 0.05234375 0.13854166666666667
1 0.3109375 0.25 0.08984375 0.12916666666666668
1 0.446875 0.5104166666666666 0.0640625 0.2989583333333333
1 0.709375 0.50625 0.0703125 0.26145833333333335