1 0.3171875 0.09166666666666666 0.0609375 0.16458333333333333
1 0.38515625 0.18020833333333333 0.0671875 0.18333333333333332
1 0.3203125 0.25 0.084375 0.15416666666666667
1 0.4515625 0.5114583333333333 0.0875 0.3145833333333333
1 0.7140625 0.478125 0.0859375 0.31875
6 0.62265625 0.7135416666666666 0.075 0.1125
6 0.22734375 0.14583333333333334 0.0515625 0.09375
6 0.5015625 0.16875 0.0390625 0.08958333333333333
5 0.24140625 0.16666666666666666 0.0921875 0.19583333333333333
5 0.484375 0.225 0.1015625 0.2604166666666667
5 0.6140625 0.6760416666666667 0.1171875 0.2375