6 0.2375 0.13333333333333333 0.0546875 0.1
6 0.33515625 0.25833333333333336 0.05 0.09791666666666667
6 0.51328125 0.18020833333333333 0.059375 0.12083333333333333
6 0.621875 0.73125 0.0765625 0.15625
5 0.24921875 0.16041666666666668 0.1375 0.22916666666666666
5 0.49765625 0.2375 0.109375 0.2604166666666667
5 0.3359375 0.24791666666666667 0.0953125 0.18333333333333332
1 0.334375 0.09479166666666666 0.075 0.18958333333333333
1 0.4015625 0.17395833333333333 0.075 0.18958333333333333
1 0.44765625 0.49583333333333335 0.0859375 0.29791666666666666
1 0.715625 0.528125 0.1109375 0.27708333333333335
5 0.6109375 0.715625 0.165625 0.2791666666666667