6 0.76328125 0.15 0.0734375 0.11458333333333333
6 0.6734375 0.246875 0.071875 0.12083333333333333
6 0.4953125 0.18125 0.0515625 0.08958333333333333
6 0.3859375 0.7104166666666667 0.0828125 0.15833333333333333
5 0.75859375 0.171875 0.1296875 0.20833333333333334
5 0.6640625 0.240625 0.11875 0.20208333333333334
5 0.51953125 0.22708333333333333 0.1125 0.23125
5 0.38984375 0.7020833333333333 0.140625 0.2520833333333333
1 0.675 0.08958333333333333 0.053125 0.15
1 0.60703125 0.16979166666666667 0.0765625 0.16875
1 0.55390625 0.4947916666666667 0.0890625 0.32708333333333334
1 0.284375 0.5239583333333333 0.11875 0.2875