3 0.41328125 0.22291666666666668 0.0390625 0.09375
3 0.1609375 0.08333333333333333 0.053125 0.14375
3 0.45078125 0.0625 0.0453125 0.07291666666666667
6 0.39140625 0.29375 0.05 0.08541666666666667
6 0.2046875 0.20729166666666668 0.0609375 0.12291666666666666
6 0.0140625 0.22708333333333333 0.028125 0.15416666666666667
1 0.8859375 0.17916666666666667 0.078125 0.20625
1 0.79453125 0.109375 0.065625 0.17708333333333334
1 0.6859375 0.18125 0.0484375 0.175
1 0.3640625 0.79375 0.1140625 0.40625
1 0.18046875 0.4822916666666667 0.1078125 0.16041666666666668
1 0.30625 0.34270833333333334 0.0578125 0.22916666666666666
1 0.4484375 0.16666666666666666 0.0359375 0.10416666666666667
5 0.40859375 0.390625 0.1296875 0.31666666666666665
5 0.20078125 0.24895833333333334 0.1046875 0.23125
5 0.0390625 0.240625 0.078125 0.12291666666666666