3 0.33828125 0.5052083333333334 0.14453125 0.434375
3 0.54296875 0.05416666666666667 0.04140625 0.06354166666666666
6 0.60078125 0.30833333333333335 0.0625 0.09583333333333334
6 0.51328125 0.09375 0.0015625 0.005208333333333333
6 0.5484375 0.1 0.07109375 0.0375
6 0.29609375 0.096875 0.05 0.058333333333333334
5 0.2953125 0.14166666666666666 0.0765625 0.19166666666666668
5 0.61171875 0.39479166666666665 0.09765625 0.3104166666666667
5 0.55234375 0.146875 0.08203125 0.15625
1 0.62109375 0.7645833333333333 0.1015625 0.4708333333333333
1 0.81953125 0.5010416666666667 0.11328125 0.2552083333333333
1 0.81640625 0.22604166666666667 0.07265625 0.15416666666666667
1 0.92578125 0.21979166666666666 0.04296875 0.10104166666666667
1 0.69921875 0.35520833333333335 0.0765625 0.24479166666666666
1 0.10078125 0.16458333333333333 0.0625 0.10104166666666667
1 0.20859375 0.11770833333333333 0.08515625 0.16875