3 0.60390625 0.20833333333333334 0.0453125 0.08333333333333333
3 0.82265625 0.065625 0.05390625 0.11145833333333334
6 0.79765625 0.175 0.03828125 0.09375
6 0.55546875 0.09375 0.05703125 0.09583333333333334
6 0.984375 0.24270833333333333 0.03125 0.10104166666666667
6 0.60546875 0.3020833333333333 0.05234375 0.10833333333333334
1 0.10234375 0.17916666666666667 0.08203125 0.18229166666666666
1 0.190625 0.11770833333333333 0.0796875 0.19479166666666667
1 0.30859375 0.184375 0.06796875 0.15625
1 0.63359375 0.796875 0.10234375 0.38645833333333335
1 0.815625 0.4947916666666667 0.09375 0.2125
1 0.68671875 0.33958333333333335 0.08125 0.2
5 0.61875 0.39375 0.10390625 0.2875
5 0.78515625 0.23854166666666668 0.07109375 0.23958333333333334
5 0.9625 0.234375 0.075 0.11145833333333334
5 0.553125 0.12604166666666666 0.075 0.2125