3 0.26640625 0.06979166666666667 0.03515625 0.08333333333333333
1 0.08984375 0.17083333333333334 0.04296875 0.17395833333333333
1 0.20078125 0.12916666666666668 0.0640625 0.171875
1 0.62734375 0.7916666666666666 0.11796875 0.4114583333333333
1 0.81015625 0.48333333333333334 0.10078125 0.184375
1 0.8140625 0.21666666666666667 0.05078125 0.20208333333333334
1 0.92890625 0.22395833333333334 0.05703125 0.103125
6 0.29453125 0.1 0.02421875 0.04791666666666667
6 0.5296875 0.096875 0.028125 0.04791666666666667
6 0.5828125 0.29791666666666666 0.04140625 0.10104166666666667
6 0.71171875 0.228125 0.04296875 0.08854166666666667
5 0.3046875 0.15 0.06640625 0.17916666666666667
5 0.53515625 0.14166666666666666 0.06796875 0.15104166666666666
5 0.59453125 0.34479166666666666 0.12109375 0.24479166666666666
5 0.70703125 0.296875 0.059375 0.2604166666666667