3 0.8234375 0.05 0.046875 0.1
3 0.60390625 0.21041666666666667 0.04296875 0.07291666666666667
6 0.60234375 0.3104166666666667 0.07109375 0.10625
6 0.54453125 0.11145833333333334 0.03515625 0.08125
6 0.7984375 0.18958333333333333 0.0453125 0.090625
1 0.0984375 0.16145833333333334 0.06640625 0.17708333333333334
1 0.20625 0.10833333333333334 0.05390625 0.13645833333333332
1 0.30546875 0.15625 0.0484375 0.2125
1 0.62734375 0.7729166666666667 0.10390625 0.36354166666666665
1 0.80703125 0.47604166666666664 0.11328125 0.19479166666666667
1 0.68203125 0.33125 0.06796875 0.21666666666666667
5 0.53515625 0.13020833333333334 0.07265625 0.184375
5 0.60078125 0.39166666666666666 0.09921875 0.2677083333333333
5 0.80078125 0.23958333333333334 0.07109375 0.21666666666666667
6 0.9859375 0.20625 0.028125 0.15
5 0.9484375 0.23020833333333332 0.103125 0.09375