3 0.17265625 0.11875 0.05625 0.10208333333333333
3 0.346875 0.052083333333333336 0.053125 0.10416666666666667
3 0.6328125 0.16458333333333333 0.0625 0.10625
6 0.41875 0.284375 0.0734375 0.11666666666666667
6 0.4875 0.11041666666666666 0.046875 0.09375
6 0.05078125 0.18541666666666667 0.0546875 0.11875
1 0.3625 0.709375 0.09375 0.35625
1 0.33671875 0.32083333333333336 0.0734375 0.20208333333333334
1 0.221875 0.21145833333333333 0.08125 0.23958333333333334
1 0.17265625 0.4479166666666667 0.16875 0.23333333333333334
1 0.9328125 0.24166666666666667 0.11875 0.2
1 0.83046875 0.14375 0.078125 0.18333333333333332
1 0.7234375 0.209375 0.0609375 0.17916666666666667
5 0.49140625 0.128125 0.075 0.1625
5 0.396875 0.36770833333333336 0.159375 0.30416666666666664
5 0.07109375 0.2 0.109375 0.14166666666666666