1 0.109375 0.17083333333333334 0.1 0.14166666666666666
1 0.19609375 0.08645833333333333 0.0734375 0.171875
1 0.62421875 0.765625 0.1015625 0.31979166666666664
1 0.8109375 0.4822916666666667 0.103125 0.14166666666666666
1 0.64375 0.37083333333333335 0.08125 0.246875
1 0.95859375 0.259375 0.0453125 0.13020833333333334
6 0.29609375 0.075 0.0546875 0.078125
6 0.55 0.10104166666666667 0.046875 0.053125
6 0.73515625 0.24270833333333333 0.0546875 0.096875
6 0.8 0.18229166666666666 0.034375 0.103125
3 0.859375 0.5364583333333334 0.184375 0.15
3 0.6109375 0.03854166666666667 0.0375 0.07708333333333334
5 0.29296875 0.12604166666666666 0.0734375 0.23645833333333333
5 0.5484375 0.13541666666666666 0.0671875 0.16666666666666666
5 0.734375 0.296875 0.07734375 0.25729166666666664
5 0.803125 0.23333333333333334 0.05703125 0.23333333333333334