3 0.265625 0.125 0.053125 0.09166666666666666
3 0.1703125 0.271875 0.0625 0.2375
6 0.0234375 0.265625 0.046875 0.13958333333333334
6 0.20703125 0.20416666666666666 0.025 0.08333333333333333
6 0.6734375 0.08229166666666667 0.0546875 0.06666666666666667
1 0.88203125 0.14479166666666668 0.075 0.21666666666666667
1 0.77109375 0.103125 0.0671875 0.18333333333333332
1 0.38046875 0.76875 0.103125 0.425
1 0.1765625 0.5145833333333333 0.125 0.24166666666666667
1 0.34765625 0.42083333333333334 0.084375 0.2604166666666667
1 0.30234375 0.34270833333333334 0.0765625 0.25
1 0.4328125 0.18645833333333334 0.05 0.08958333333333333
5 0.6796875 0.18958333333333333 0.0796875 0.14166666666666666
5 0.20078125 0.2947916666666667 0.0453125 0.10208333333333333
5 0.034375 0.28020833333333334 0.06875 0.06041666666666667