1 0.128125 0.153125 0.08046875 0.11354166666666667
6 0.31875 0.08541666666666667 0.0359375 0.07395833333333333
6 0.55703125 0.09895833333333333 0.0265625 0.04895833333333333
6 0.60078125 0.28958333333333336 0.0484375 0.09583333333333334
6 0.65546875 0.359375 0.05078125 0.09791666666666667
6 0.80703125 0.19583333333333333 0.0484375 0.08333333333333333
1 0.23671875 0.109375 0.07734375 0.15625
1 0.62421875 0.7614583333333333 0.0765625 0.3072916666666667
1 0.84453125 0.45416666666666666 0.10234375 0.09166666666666666
1 0.9734375 0.284375 0.053125 0.13958333333333334
5 0.68828125 0.42916666666666664 0.128125 0.30104166666666665
5 0.59375 0.403125 0.0671875 0.30625
5 0.77890625 0.21354166666666666 0.10703125 0.12395833333333334
5 0.32890625 0.13229166666666667 0.07109375 0.19375
5 0.55859375 0.13229166666666667 0.0484375 0.15520833333333334