3 0.35390625 0.025 0.0390625 0.05
1 0.1234375 0.1375 0.0765625 0.15416666666666667
1 0.2359375 0.08333333333333333 0.075 0.16666666666666666
1 0.6046875 0.8083333333333333 0.13125 0.375
1 0.81171875 0.5260416666666666 0.1046875 0.21875
1 0.825 0.2875 0.059375 0.175
1 0.9375 0.28125 0.0578125 0.10208333333333333
6 0.31953125 0.06458333333333334 0.040625 0.06875
6 0.5875 0.10104166666666667 0.0625 0.07291666666666667
6 0.59765625 0.303125 0.0515625 0.11666666666666667
6 0.72578125 0.25625 0.046875 0.07291666666666667
5 0.32890625 0.128125 0.0953125 0.22291666666666668
5 0.5875 0.13333333333333333 0.0953125 0.21041666666666667
5 0.60859375 0.3770833333333333 0.121875 0.2625
5 0.72421875 0.334375 0.090625 0.26875