3 0.39140625 0.15 0.0515625 0.11041666666666666
3 0.14921875 0.20625 0.05 0.15416666666666667
6 0.18984375 0.203125 0.03125 0.08333333333333333
6 0.01875 0.275 0.0375 0.13333333333333333
6 0.68515625 0.08125 0.0453125 0.06041666666666667
1 0.43671875 0.1875 0.0390625 0.10625
1 0.77265625 0.09479166666666666 0.0796875 0.15416666666666667
1 0.87734375 0.14166666666666666 0.0625 0.14583333333333334
1 0.37421875 0.7572916666666667 0.1234375 0.35625
1 0.171875 0.509375 0.109375 0.19166666666666668
1 0.35078125 0.41875 0.078125 0.32083333333333336
1 0.2921875 0.34375 0.08125 0.25416666666666665
5 0.6875 0.15104166666666666 0.084375 0.2375
5 0.19609375 0.24791666666666667 0.0765625 0.27708333333333335
5 0.0375 0.2677083333333333 0.075 0.14375