3 0.35859375 0.321875 0.075 0.13541666666666666
3 0.421875 0.09375 0.0703125 0.08958333333333333
3 0.40546875 0.01875 0.0546875 0.0375
3 0.59296875 0.06041666666666667 0.075 0.10833333333333334
6 0.4171875 0.29375 0.0640625 0.14166666666666666
6 0.47265625 0.08125 0.0453125 0.08958333333333333
1 0.91640625 0.24166666666666667 0.09375 0.1375
1 0.8171875 0.165625 0.0765625 0.16458333333333333
1 0.71015625 0.19791666666666666 0.0875 0.15208333333333332
1 0.3359375 0.7614583333333333 0.125 0.3625
1 0.17265625 0.4427083333333333 0.0953125 0.21666666666666667
1 0.19140625 0.178125 0.065625 0.18541666666666667
1 0.27734375 0.3 0.1234375 0.1875
1 0.0546875 0.178125 0.065625 0.09791666666666667
5 0.47890625 0.15208333333333332 0.0625 0.09583333333333334
5 0.39140625 0.43645833333333334 0.1 0.10208333333333333