3 0.25078125 0.14479166666666668 0.05 0.2552083333333333
3 0.928125 0.15 0.03515625 0.11875
3 0.83046875 0.19166666666666668 0.03828125 0.15104166666666666
3 0.55390625 0.12708333333333333 0.05703125 0.08333333333333333
6 0.79296875 0.17916666666666667 0.03125 0.08541666666666667
6 0.98046875 0.24583333333333332 0.03828125 0.09895833333333333
1 0.10390625 0.18229166666666666 0.0765625 0.20729166666666668
1 0.60234375 0.7520833333333333 0.08515625 0.2875
1 0.6421875 0.396875 0.059375 0.19166666666666668
1 0.68359375 0.3416666666666667 0.08828125 0.225
1 0.81171875 0.48020833333333335 0.09765625 0.15625
1 0.2015625 0.125 0.0484375 0.18958333333333333
1 0.3125 0.20104166666666667 0.03984375 0.19479166666666667
1 0.55546875 0.19270833333333334 0.0625 0.058333333333333334
5 0.78828125 0.24791666666666667 0.0796875 0.2125
5 0.96640625 0.2375 0.06640625 0.13645833333333332