3 0.3890625 0.04895833333333333 0.04375 0.09791666666666667
3 0.35546875 0.09479166666666666 0.0359375 0.11458333333333333
6 0.45234375 0.26666666666666666 0.0421875 0.10416666666666667
6 0.725 0.11145833333333334 0.05625 0.11666666666666667
6 0.0375 0.22708333333333333 0.059375 0.1375
5 0.71640625 0.146875 0.0671875 0.19791666666666666
5 0.428125 0.3645833333333333 0.10625 0.3
5 0.07421875 0.21875 0.1359375 0.12916666666666668
1 0.9265625 0.184375 0.065625 0.14791666666666667
1 0.84453125 0.109375 0.0546875 0.15416666666666667
1 0.375 0.796875 0.153125 0.40625
1 0.31484375 0.3177083333333333 0.0546875 0.18125
1 0.23046875 0.22708333333333333 0.034375 0.15
1 0.2078125 0.48125 0.096875 0.20833333333333334
1 0.4875 0.1625 0.053125 0.09166666666666666