6 0.0453125 0.31666666666666665 0.03125 0.07708333333333334
6 0.37890625 0.31354166666666666 0.0515625 0.10208333333333333
6 0.3046875 0.22395833333333334 0.0484375 0.08958333333333333
6 0.2328125 0.19375 0.0390625 0.07083333333333333
3 0.7109375 0.021875 0.0625 0.04375
1 0.915625 0.125 0.0609375 0.13958333333333334
1 0.8125 0.075 0.071875 0.15
1 0.41640625 0.7833333333333333 0.134375 0.3854166666666667
1 0.2140625 0.4864583333333333 0.128125 0.21666666666666667
5 0.3921875 0.37604166666666666 0.0984375 0.2833333333333333
5 0.321875 0.3 0.109375 0.2708333333333333
5 0.23203125 0.23854166666666668 0.0875 0.22291666666666668
5 0.04609375 0.31145833333333334 0.0921875 0.08958333333333333
1 0.69765625 0.15520833333333334 0.0703125 0.15
1 0.465625 0.171875 0.0765625 0.125