1 0.35859375 0.7520833333333333 0.153125 0.3375
1 0.146875 0.5145833333333333 0.115625 0.26875
1 0.03125 0.2677083333333333 0.059375 0.18541666666666667
1 0.8875 0.17083333333333334 0.0609375 0.1125
1 0.78125 0.10625 0.059375 0.13125
6 0.68203125 0.109375 0.0390625 0.05416666666666667
6 0.43984375 0.10833333333333334 0.0453125 0.10833333333333334
6 0.40546875 0.2947916666666667 0.0515625 0.12083333333333333
6 0.36640625 0.37604166666666666 0.06875 0.13333333333333333
6 0.1875 0.19583333333333333 0.0484375 0.08541666666666667
5 0.271875 0.4125 0.053125 0.13125
5 0.33828125 0.2916666666666667 0.0625 0.12708333333333333
5 0.19140625 0.20520833333333333 0.0453125 0.10833333333333334
5 0.68125 0.2 0.0640625 0.11875
5 0.440625 0.15833333333333333 0.0453125 0.14791666666666667