3 0.3015625 0.035416666666666666 0.03515625 0.07083333333333333
3 0.6171875 0.23958333333333334 0.075 0.09583333333333334
3 0.70234375 0.24270833333333333 0.04375 0.10625
3 0.49140625 0.05520833333333333 0.03671875 0.07604166666666666
6 0.27421875 0.103125 0.034375 0.07083333333333333
6 0.96796875 0.23333333333333334 0.05546875 0.11875
5 0.28359375 0.153125 0.05859375 0.159375
5 0.95 0.25625 0.09921875 0.13333333333333333
1 0.078125 0.18645833333333334 0.0625 0.13125
1 0.18515625 0.12708333333333333 0.05859375 0.21979166666666666
1 0.6390625 0.8010416666666667 0.159375 0.396875
1 0.79140625 0.475 0.1078125 0.21666666666666667
1 0.7796875 0.23229166666666667 0.05390625 0.20208333333333334
1 0.6125 0.35833333333333334 0.0625 0.2375
1 0.71171875 0.3614583333333333 0.0625 0.171875
1 0.51953125 0.15625 0.03828125 0.09583333333333334
0 0.43039772656249997 0.24747474791666668 0.28977272656249997 0.32070706875 0.3394886359375 0.6489899 0.5071022734375 0.6489899 0.5553977265625 0.3459595979166667 0.43039772656249997 0.24747474791666668