6 0.25546875 0.09895833333333333 0.0421875 0.09583333333333334
6 0.59140625 0.31145833333333334 0.0703125 0.13541666666666666
6 0.93046875 0.20104166666666667 0.0453125 0.09791666666666667
5 0.27421875 0.1625 0.08125 0.2375
5 0.5890625 0.36354166666666665 0.0859375 0.225
5 0.93515625 0.19270833333333334 0.109375 0.11041666666666666
1 0.05234375 0.21979166666666666 0.075 0.17708333333333334
1 0.1578125 0.15833333333333333 0.0890625 0.21458333333333332
1 0.6078125 0.76875 0.1109375 0.45416666666666666
1 0.790625 0.44895833333333335 0.1171875 0.21458333333333332
1 0.6875 0.3614583333333333 0.0875 0.2
1 0.76171875 0.225 0.0703125 0.21666666666666667
1 0.5109375 0.16145833333333334 0.0625 0.08333333333333333