3 0.3625 0.171875 0.0671875 0.06666666666666667
6 0.25625 0.10520833333333333 0.0359375 0.09791666666666667
6 0.55859375 0.29583333333333334 0.0640625 0.08125
6 0.9640625 0.22291666666666668 0.059375 0.06666666666666667
5 0.2703125 0.15520833333333334 0.0671875 0.20625
5 0.575 0.37395833333333334 0.1078125 0.30416666666666664
1 0.0640625 0.209375 0.0734375 0.15
1 0.5078125 0.15 0.053125 0.10833333333333334
1 0.61484375 0.78125 0.14375 0.43333333333333335
1 0.81796875 0.4395833333333333 0.153125 0.19375
1 0.68359375 0.34791666666666665 0.0765625 0.20625
1 0.7625 0.215625 0.059375 0.21666666666666667
1 0.1625 0.134375 0.096875 0.17083333333333334
5 0.93359375 0.23020833333333332 0.1203125 0.06666666666666667