3 0.19921875 0.11458333333333333 0.0609375 0.1
3 0.3015625 0.04895833333333333 0.0625 0.09791666666666667
3 0.51796875 0.16666666666666666 0.0484375 0.1125
6 0.475 0.096875 0.0515625 0.11458333333333333
6 0.4171875 0.2916666666666667 0.06875 0.12083333333333333
1 0.92109375 0.24375 0.075 0.13541666666666666
1 0.82578125 0.14375 0.0625 0.15
1 0.72265625 0.21875 0.059375 0.15625
1 0.359375 0.7697916666666667 0.1296875 0.39166666666666666
1 0.19375 0.44583333333333336 0.1109375 0.21666666666666667
1 0.33671875 0.32916666666666666 0.0859375 0.21041666666666667
1 0.22109375 0.24583333333333332 0.0515625 0.16875
5 0.47265625 0.11875 0.0890625 0.20833333333333334
5 0.409375 0.36875 0.1359375 0.30416666666666664
5 0.06875 0.15833333333333333 0.096875 0.12291666666666666
6 0.04375 0.17708333333333334 0.040625 0.09375