3 0.62109375 0.0875 0.034375 0.078125
3 0.4859375 0.4 0.08515625 0.13333333333333333
3 0.29921875 0.04375 0.04140625 0.06354166666666666
6 0.26875 0.09583333333333334 0.0625 0.07083333333333333
6 0.60390625 0.32708333333333334 0.05390625 0.11875
6 0.9625 0.22604166666666667 0.04140625 0.11354166666666667
5 0.60625 0.37916666666666665 0.065625 0.2875
5 0.278125 0.15416666666666667 0.07421875 0.20729166666666668
5 0.95546875 0.23020833333333332 0.0890625 0.08541666666666667
1 0.06796875 0.17708333333333334 0.065625 0.15104166666666666
1 0.17734375 0.1125 0.05703125 0.15416666666666667
1 0.61015625 0.7895833333333333 0.10078125 0.38125
1 0.80078125 0.46979166666666666 0.08671875 0.16666666666666666
1 0.78515625 0.23229166666666667 0.05 0.20729166666666668
1 0.71015625 0.353125 0.07421875 0.20729166666666668
1 0.52265625 0.15104166666666666 0.05078125 0.12604166666666666