3 0.19375 0.03958333333333333 0.05 0.07916666666666666
3 0.4078125 0.203125 0.0453125 0.075
6 0.40546875 0.303125 0.075 0.11041666666666666
6 0.47109375 0.109375 0.0390625 0.08333333333333333
6 0.2140625 0.16875 0.05 0.09375
1 0.9140625 0.18958333333333333 0.0734375 0.18125
1 0.80859375 0.12916666666666668 0.059375 0.13958333333333334
1 0.7078125 0.16979166666666667 0.05625 0.21458333333333332
1 0.3625 0.7635416666666667 0.11875 0.37083333333333335
1 0.19453125 0.45416666666666666 0.121875 0.20208333333333334
1 0.325 0.31875 0.0765625 0.22083333333333333
5 0.4796875 0.128125 0.0796875 0.18958333333333333
5 0.40390625 0.384375 0.109375 0.27291666666666664
5 0.21015625 0.21875 0.0796875 0.22083333333333333
6 0.0265625 0.17291666666666666 0.034375 0.15208333333333332
5 0.0625 0.19895833333333332 0.10625 0.1