3 0.63203125 0.12604166666666666 0.05703125 0.07604166666666666
3 0.83984375 0.18020833333333333 0.0625 0.14375
6 0.30546875 0.09375 0.04296875 0.08541666666666667
6 0.78828125 0.184375 0.05078125 0.08541666666666667
6 0.98046875 0.20729166666666668 0.03828125 0.06041666666666667
1 0.1125 0.18020833333333333 0.04296875 0.12916666666666668
1 0.21015625 0.11770833333333333 0.05078125 0.17395833333333333
1 0.6296875 0.7510416666666667 0.10078125 0.315625
1 0.821875 0.5020833333333333 0.11796875 0.196875
1 0.64453125 0.40520833333333334 0.05703125 0.23020833333333332
1 0.69921875 0.37083333333333335 0.06640625 0.22708333333333333
5 0.3203125 0.13645833333333332 0.075 0.21666666666666667
5 0.7796875 0.25416666666666665 0.07421875 0.24479166666666666
5 0.95390625 0.21875 0.0921875 0.12916666666666668
1 0.54375 0.19791666666666666 0.05703125 0.13333333333333333