6 0.94921875 0.25833333333333336 0.05703125 0.09895833333333333
5 0.92890625 0.24479166666666666 0.1078125 0.16145833333333334
5 0.28984375 0.15104166666666666 0.0625 0.16666666666666666
5 0.68359375 0.2989583333333333 0.06953125 0.265625
3 0.3140625 0.042708333333333334 0.05390625 0.07083333333333333
6 0.284375 0.103125 0.0453125 0.05
6 0.53203125 0.09895833333333333 0.03828125 0.04583333333333333
6 0.69375 0.21875 0.05546875 0.103125
5 0.53515625 0.13333333333333333 0.05390625 0.171875
1 0.0890625 0.178125 0.075 0.20416666666666666
1 0.18671875 0.12083333333333333 0.075 0.20208333333333334
1 0.63125 0.7927083333333333 0.12890625 0.41458333333333336
1 0.8046875 0.47708333333333336 0.11484375 0.2125
1 0.79453125 0.25729166666666664 0.05 0.2125
1 0.615625 0.3802083333333333 0.075 0.275