3 0.775 0.09479166666666666 0.05859375 0.07291666666666667
1 0.0484375 0.178125 0.065625 0.11354166666666667
1 0.16640625 0.10625 0.05390625 0.16145833333333334
1 0.62734375 0.7791666666666667 0.140625 0.4270833333333333
1 0.778125 0.459375 0.10546875 0.19166666666666668
1 0.78515625 0.22083333333333333 0.0640625 0.184375
6 0.6671875 0.196875 0.0609375 0.11666666666666667
6 0.59453125 0.296875 0.0640625 0.10833333333333334
6 0.26328125 0.0875 0.03828125 0.06354166666666666
5 0.27265625 0.16458333333333333 0.07421875 0.20208333333333334
5 0.59296875 0.3729166666666667 0.0953125 0.265625
5 0.66796875 0.28020833333333334 0.065625 0.2625
5 0.93828125 0.23125 0.10625 0.09375
6 0.93828125 0.2375 0.0328125 0.10625
1 0.515625 0.146875 0.05390625 0.146875