3 0.28203125 0.075 0.0375 0.08125
1 0.16953125 0.1625 0.0796875 0.16458333333333333
1 0.06484375 0.24479166666666666 0.0890625 0.15416666666666667
1 0.634375 0.75625 0.1609375 0.42291666666666666
1 0.79921875 0.44479166666666664 0.1265625 0.24375
1 0.77578125 0.17916666666666667 0.0640625 0.1875
1 0.91015625 0.16145833333333334 0.0984375 0.16041666666666668
6 0.24765625 0.12708333333333333 0.04375 0.09166666666666666
6 0.5171875 0.090625 0.0453125 0.09791666666666667
6 0.57109375 0.29270833333333335 0.05 0.10833333333333334
6 0.6765625 0.19583333333333333 0.0484375 0.0875
5 0.26875 0.18541666666666667 0.1109375 0.22708333333333333
5 0.509375 0.11979166666666667 0.075 0.19583333333333333
5 0.59453125 0.35104166666666664 0.1125 0.2625
5 0.675 0.2677083333333333 0.0890625 0.30416666666666664