3 0.32890625 0.058333333333333334 0.0390625 0.0875
3 0.4875 0.03229166666666667 0.05 0.06458333333333334
3 0.7515625 0.10833333333333334 0.0640625 0.13125
6 0.5875 0.309375 0.0640625 0.16875
6 0.69296875 0.21458333333333332 0.08125 0.1
6 0.559375 0.10520833333333333 0.053125 0.05625
5 0.6015625 0.35104166666666664 0.134375 0.29791666666666666
5 0.6921875 0.28125 0.090625 0.27708333333333335
5 0.55703125 0.13958333333333334 0.075 0.1625
1 0.09375 0.20520833333333333 0.0703125 0.16458333333333333
1 0.19140625 0.13854166666666667 0.0671875 0.13958333333333334
1 0.3171875 0.19479166666666667 0.0703125 0.20208333333333334
1 0.640625 0.7145833333333333 0.103125 0.3
1 0.81953125 0.46979166666666666 0.109375 0.22291666666666668
1 0.83359375 0.20625 0.0484375 0.14166666666666666
1 0.94140625 0.23020833333333332 0.0625 0.11041666666666666