3 0.37578125 0.13125 0.046875 0.08125
3 0.7484375 0.3177083333333333 0.0578125 0.12916666666666668
3 0.79140625 0.11354166666666667 0.04375 0.1125
6 0.8234375 0.23854166666666668 0.0375 0.075
6 0.97734375 0.3072916666666667 0.0453125 0.11041666666666666
3 0.53203125 0.06875 0.0390625 0.1125
1 0.12734375 0.10104166666666667 0.075 0.14166666666666666
1 0.23125 0.09895833333333333 0.075 0.17916666666666667
1 0.31484375 0.19791666666666666 0.0625 0.13958333333333334
1 0.60546875 0.809375 0.1390625 0.3770833333333333
1 0.65546875 0.41770833333333335 0.0765625 0.23958333333333334
1 0.69375 0.3375 0.0875 0.175
1 0.81953125 0.55 0.10625 0.22291666666666668
1 0.57734375 0.184375 0.0671875 0.13125
5 0.8296875 0.29270833333333335 0.065625 0.19375
5 0.9625 0.26875 0.075 0.15416666666666667