3 0.409375 0.12083333333333333 0.0421875 0.10625
3 0.41015625 0.030208333333333334 0.0515625 0.05625
6 0.7234375 0.103125 0.0453125 0.052083333333333336
6 0.45 0.28125 0.0703125 0.12916666666666668
6 0.03046875 0.2552083333333333 0.0609375 0.12708333333333333
5 0.7109375 0.17395833333333333 0.0921875 0.21875
5 0.42421875 0.3645833333333333 0.125 0.24791666666666667
5 0.05078125 0.234375 0.1015625 0.15625
1 0.9203125 0.1625 0.0984375 0.16875
1 0.81953125 0.125 0.0671875 0.20625
1 0.4046875 0.753125 0.165625 0.4270833333333333
1 0.20390625 0.47604166666666664 0.115625 0.22708333333333333
1 0.3109375 0.3489583333333333 0.0703125 0.21666666666666667
1 0.2203125 0.24791666666666667 0.0546875 0.20208333333333334
1 0.471875 0.14583333333333334 0.0453125 0.09375