3 0.50703125 0.03854166666666667 0.0421875 0.05
3 0.26484375 0.13229166666666667 0.0671875 0.25833333333333336
3 0.78203125 0.12916666666666668 0.0671875 0.146875
6 0.58359375 0.321875 0.0671875 0.13333333333333333
6 0.70234375 0.21979166666666666 0.0453125 0.071875
6 0.57109375 0.10104166666666667 0.0421875 0.053125
5 0.5546875 0.14479166666666668 0.06796875 0.15416666666666667
5 0.60625 0.375 0.1375 0.25625
5 0.71015625 0.296875 0.09453125 0.25104166666666666
1 0.1125 0.18020833333333333 0.0875 0.21145833333333333
1 0.20859375 0.09583333333333334 0.0546875 0.15833333333333333
1 0.31171875 0.20104166666666667 0.0515625 0.16354166666666667
1 0.63125 0.771875 0.096875 0.421875
1 0.82890625 0.46145833333333336 0.0765625 0.221875
1 0.84765625 0.25833333333333336 0.0734375 0.19479166666666667
1 0.95625 0.25729166666666664 0.065625 0.08020833333333334