1 0.04375 0.23229166666666667 0.075 0.15416666666666667
1 0.13046875 0.13854166666666667 0.065625 0.14375
1 0.23828125 0.203125 0.06875 0.18125
1 0.63046875 0.75 0.1234375 0.32916666666666666
1 0.77734375 0.43020833333333336 0.1234375 0.22291666666666668
3 0.725 0.0875 0.0359375 0.10208333333333333
6 0.5421875 0.2791666666666667 0.05625 0.10416666666666667
6 0.6609375 0.18854166666666666 0.0640625 0.1125
6 0.71015625 0.140625 0.0515625 0.08541666666666667
6 0.9078125 0.19270833333333334 0.0703125 0.11875
5 0.896875 0.1875 0.1109375 0.09375
5 0.56484375 0.35520833333333335 0.1171875 0.30625
5 0.65859375 0.2760416666666667 0.090625 0.2520833333333333
5 0.72109375 0.19791666666666666 0.078125 0.21458333333333332
1 0.48984375 0.16458333333333333 0.071875 0.09166666666666666