3 0.53671875 0.5760416666666667 0.146875 0.5229166666666667
3 0.546875 0.14479166666666668 0.0734375 0.25625
1 0.65703125 0.7333333333333333 0.134375 0.4979166666666667
1 0.8375 0.4375 0.128125 0.22291666666666668
1 0.8234375 0.203125 0.0828125 0.22916666666666666
1 0.63359375 0.3385416666666667 0.0859375 0.225
1 0.09296875 0.25 0.1078125 0.14583333333333334
1 0.2015625 0.16770833333333332 0.078125 0.19166666666666668
6 0.2796875 0.128125 0.0515625 0.08125
6 0.50859375 0.10833333333333334 0.04375 0.08333333333333333
6 0.95703125 0.196875 0.0515625 0.10833333333333334
6 0.7296875 0.21979166666666666 0.05625 0.07916666666666666
5 0.28984375 0.19583333333333333 0.0828125 0.21666666666666667
5 0.5125 0.12708333333333333 0.0625 0.13958333333333334
5 0.7390625 0.3 0.0859375 0.26666666666666666
5 0.9484375 0.19166666666666668 0.06875 0.13333333333333333