3 0.43046875 0.057291666666666664 0.0484375 0.11354166666666667
3 0.65234375 0.19583333333333333 0.0609375 0.11354166666666667
6 0.5625 0.14270833333333333 0.0625 0.10729166666666666
6 0.965625 0.2552083333333333 0.06796875 0.11666666666666667
1 0.62265625 0.7625 0.1140625 0.2916666666666667
1 0.828125 0.475 0.14375 0.2552083333333333
1 0.83671875 0.22395833333333334 0.0765625 0.253125
1 0.64375 0.3625 0.065625 0.20833333333333334
1 0.7515625 0.36666666666666664 0.096875 0.171875
1 0.11640625 0.21354166666666666 0.0765625 0.18333333333333332
1 0.2140625 0.08645833333333333 0.075 0.16666666666666666
1 0.3171875 0.16354166666666667 0.0625 0.19479166666666667
5 0.56484375 0.13645833333333332 0.071875 0.1625
5 0.95859375 0.259375 0.08203125 0.13125