3 0.1734375 0.23229166666666667 0.14765625 0.3385416666666667
3 0.409375 0.18020833333333333 0.07421875 0.184375
1 0.65234375 0.37916666666666665 0.07421875 0.23229166666666667
1 0.6296875 0.75625 0.11796875 0.3458333333333333
1 0.82421875 0.49166666666666664 0.0921875 0.21979166666666666
1 0.21640625 0.10625 0.0953125 0.16666666666666666
1 0.10546875 0.159375 0.06953125 0.11666666666666667
1 0.5515625 0.15625 0.046875 0.12083333333333333
5 0.95703125 0.24166666666666667 0.0859375 0.19479166666666667
6 0.971875 0.23229166666666667 0.05625 0.14375
6 0.30625 0.09583333333333334 0.03515625 0.065625
6 0.72265625 0.22395833333333334 0.04140625 0.06770833333333333
6 0.8015625 0.17916666666666667 0.05859375 0.07604166666666666
5 0.31015625 0.18854166666666666 0.046875 0.265625
5 0.725 0.303125 0.075 0.29270833333333335
5 0.80390625 0.23333333333333334 0.08828125 0.21979166666666666