6 0.31640625 0.11458333333333333 0.0453125 0.09895833333333333
6 0.56640625 0.10833333333333334 0.04140625 0.090625
6 0.70859375 0.228125 0.04296875 0.08854166666666667
6 0.603125 0.29375 0.05546875 0.078125
1 0.63984375 0.7697916666666667 0.109375 0.3177083333333333
1 0.8578125 0.5 0.128125 0.2125
1 0.98125 0.25833333333333336 0.03671875 0.14895833333333333
1 0.84296875 0.26145833333333335 0.0609375 0.25
1 0.22578125 0.096875 0.0828125 0.19375
1 0.115625 0.196875 0.06640625 0.17708333333333334
5 0.33125 0.153125 0.06796875 0.2
5 0.56640625 0.12708333333333333 0.0609375 0.16875
5 0.63125 0.390625 0.11796875 0.29583333333333334
5 0.7359375 0.31979166666666664 0.10234375 0.265625
3 0.778125 0.11666666666666667 0.06796875 0.19166666666666668