3 0.59765625 0.19583333333333333 0.046875 0.09375
3 0.8359375 0.06041666666666667 0.075 0.11145833333333334
6 0.59765625 0.2989583333333333 0.04375 0.06770833333333333
6 0.55078125 0.09583333333333334 0.04375 0.07083333333333333
6 0.7953125 0.190625 0.03984375 0.078125
6 0.9890625 0.21875 0.02109375 0.14895833333333333
1 0.1078125 0.15104166666666666 0.0625 0.146875
1 0.20390625 0.10833333333333334 0.05859375 0.15625
1 0.303125 0.19270833333333334 0.05234375 0.17395833333333333
1 0.63671875 0.78125 0.14375 0.39166666666666666
1 0.8015625 0.4895833333333333 0.14921875 0.16666666666666666
1 0.68203125 0.3385416666666667 0.059375 0.221875
5 0.540625 0.13125 0.0609375 0.14166666666666666
5 0.61640625 0.35833333333333334 0.10234375 0.2375
5 0.8 0.2375 0.08203125 0.20208333333333334
5 0.95859375 0.215625 0.0828125 0.125