6 0.2765625 0.10208333333333333 0.03828125 0.06770833333333333
6 0.9609375 0.23958333333333334 0.03515625 0.11145833333333334
3 0.67578125 0.14895833333333333 0.0640625 0.13645833333333332
3 0.53125 0.08333333333333333 0.05390625 0.10625
3 0.48359375 0.3614583333333333 0.078125 0.10104166666666667
3 0.30234375 0.03333333333333333 0.0515625 0.06666666666666667
5 0.284375 0.16145833333333334 0.07109375 0.2125
5 0.95078125 0.24270833333333333 0.0984375 0.10833333333333334
1 0.48984375 0.09375 0.03984375 0.10104166666666667
1 0.61328125 0.353125 0.05703125 0.30833333333333335
1 0.71015625 0.35520833333333335 0.096875 0.20416666666666666
1 0.62109375 0.7916666666666666 0.1109375 0.396875
1 0.79375 0.4739583333333333 0.13046875 0.20416666666666666
1 0.77109375 0.25 0.06796875 0.21666666666666667
1 0.07890625 0.17916666666666667 0.05546875 0.146875
1 0.196875 0.12291666666666666 0.08125 0.24479166666666666