3 0.10625 0.12604166666666666 0.11875 0.175
3 0.2828125 0.221875 0.1125 0.24791666666666667
6 0.33203125 0.06041666666666667 0.0453125 0.1
6 0.73515625 0.25729166666666664 0.0625 0.08958333333333333
6 0.81953125 0.228125 0.0515625 0.09583333333333334
6 0.98046875 0.28541666666666665 0.0390625 0.09166666666666666
1 0.61953125 0.7885416666666667 0.128125 0.3875
1 0.82578125 0.515625 0.1453125 0.225
1 0.65859375 0.41875 0.1 0.2916666666666667
1 0.14609375 0.13125 0.0828125 0.13541666666666666
1 0.2359375 0.06354166666666666 0.06875 0.12708333333333333
1 0.58125 0.17708333333333334 0.05 0.11041666666666666
5 0.3375 0.12395833333333334 0.0703125 0.23125
5 0.728125 0.3177083333333333 0.0921875 0.27291666666666664
5 0.825 0.2864583333333333 0.109375 0.24166666666666667
5 0.9640625 0.2760416666666667 0.071875 0.13541666666666666