3 0.340625 0.051041666666666666 0.0375 0.08645833333333333
3 0.50078125 0.03229166666666667 0.0484375 0.06354166666666666
3 0.76171875 0.11979166666666667 0.0609375 0.128125
6 0.5921875 0.31354166666666666 0.059375 0.16666666666666666
6 0.7 0.22395833333333334 0.078125 0.096875
6 0.56953125 0.10833333333333334 0.0515625 0.05520833333333333
5 0.60546875 0.35625 0.12734375 0.29270833333333335
5 0.69765625 0.290625 0.0828125 0.27395833333333336
5 0.56640625 0.14270833333333333 0.07109375 0.15833333333333333
1 0.1015625 0.18645833333333334 0.065625 0.16145833333333334
1 0.20078125 0.12395833333333334 0.0640625 0.13645833333333332
1 0.325 0.18645833333333334 0.065625 0.2
1 0.63515625 0.7208333333333333 0.0953125 0.296875
1 0.8203125 0.484375 0.103125 0.21979166666666666
1 0.84140625 0.221875 0.0453125 0.13854166666666667
1 0.9484375 0.25104166666666666 0.059375 0.10833333333333334