3 0.33359375 0.041666666666666664 0.0453125 0.08333333333333333
1 0.0921875 0.175 0.059375 0.15208333333333332
1 0.19765625 0.12604166666666666 0.0734375 0.15208333333333332
1 0.625 0.7989583333333333 0.128125 0.40208333333333335
1 0.80859375 0.4822916666666667 0.1015625 0.17291666666666666
1 0.815625 0.21041666666666667 0.0640625 0.18541666666666667
1 0.91796875 0.24166666666666667 0.059375 0.11875
6 0.28671875 0.09375 0.0375 0.07083333333333333
6 0.54921875 0.10104166666666667 0.04375 0.075
6 0.59296875 0.2875 0.05625 0.10625
6 0.70859375 0.23125 0.0546875 0.09583333333333334
5 0.2921875 0.15 0.078125 0.19166666666666668
5 0.5515625 0.12395833333333334 0.05625 0.20625
5 0.60390625 0.33541666666666664 0.1125 0.25416666666666665
5 0.709375 0.30104166666666665 0.0671875 0.26458333333333334