3 0.76171875 0.18541666666666667 0.05703125 0.12395833333333334
3 0.07421875 0.05416666666666667 0.05703125 0.09895833333333333
1 0.09296875 0.178125 0.046875 0.12916666666666668
1 0.19453125 0.10520833333333333 0.05703125 0.16458333333333333
1 0.60546875 0.765625 0.11640625 0.37395833333333334
1 0.81640625 0.49270833333333336 0.11484375 0.20729166666666668
1 0.81484375 0.22083333333333333 0.03515625 0.17395833333333333
1 0.92109375 0.22395833333333334 0.05234375 0.103125
1 0.70234375 0.35208333333333336 0.06640625 0.21458333333333332
5 0.3078125 0.15 0.075 0.21458333333333332
5 0.5265625 0.13645833333333332 0.078125 0.2125
5 0.60234375 0.37916666666666665 0.11328125 0.2625
6 0.29765625 0.096875 0.05546875 0.058333333333333334
6 0.53203125 0.09375 0.05234375 0.07604166666666666
6 0.59140625 0.30416666666666664 0.05234375 0.11354166666666667