3 0.26328125 0.13333333333333333 0.0640625 0.10625
3 0.81171875 0.23958333333333334 0.0609375 0.11666666666666667
3 0.82109375 0.11354166666666667 0.0484375 0.09583333333333334
3 0.5234375 0.05520833333333333 0.02734375 0.06041666666666667
6 0.79453125 0.184375 0.0296875 0.065625
6 0.984375 0.22604166666666667 0.03125 0.14375
1 0.1078125 0.17916666666666667 0.059375 0.12083333333333333
1 0.2078125 0.12083333333333333 0.05859375 0.18645833333333334
1 0.62109375 0.7854166666666667 0.08125 0.353125
1 0.6375 0.39791666666666664 0.0796875 0.23958333333333334
1 0.68359375 0.3385416666666667 0.065625 0.2625
1 0.83203125 0.48854166666666665 0.11953125 0.2
1 0.3140625 0.17916666666666667 0.034375 0.11666666666666667
5 0.78046875 0.25625 0.07265625 0.23958333333333334
5 0.95703125 0.2125 0.08203125 0.10625