3 0.8546875 0.20208333333333334 0.07265625 0.196875
3 0.40234375 0.17916666666666667 0.06640625 0.171875
6 0.3015625 0.09166666666666666 0.04375 0.058333333333333334
6 0.79375 0.18645833333333334 0.034375 0.08125
1 0.10859375 0.190625 0.075 0.234375
1 0.21328125 0.12083333333333333 0.0625 0.171875
1 0.6296875 0.7729166666666667 0.1234375 0.4395833333333333
1 0.6421875 0.38229166666666664 0.08203125 0.26979166666666665
1 0.6984375 0.35 0.06953125 0.28541666666666665
1 0.82109375 0.47604166666666664 0.13046875 0.2
1 0.55390625 0.184375 0.05703125 0.12604166666666666
5 0.3078125 0.17083333333333334 0.08359375 0.25
5 0.78515625 0.22708333333333333 0.0609375 0.2520833333333333
5 0.9578125 0.228125 0.08359375 0.13333333333333333
6 0.98203125 0.23229166666666667 0.03515625 0.115625