1 0.925 0.221875 0.0796875 0.146875
1 0.6203125 0.7489583333333333 0.1234375 0.3104166666666667
1 0.81796875 0.4666666666666667 0.09921875 0.21666666666666667
5 0.825 0.20833333333333334 0.07109375 0.17395833333333333
1 0.68359375 0.3229166666666667 0.06640625 0.146875
1 0.2 0.09583333333333334 0.05390625 0.13125
1 0.084375 0.15520833333333334 0.06953125 0.12916666666666668
3 0.1578125 0.11979166666666667 0.05078125 0.11875
3 0.60703125 0.15833333333333333 0.05 0.12916666666666668
6 0.5828125 0.29375 0.04140625 0.058333333333333334
6 0.3 0.1 0.0765625 0.06770833333333333
6 0.81953125 0.18958333333333333 0.04296875 0.08125
5 0.52890625 0.12604166666666666 0.0609375 0.18229166666666666
5 0.60625 0.39375 0.128125 0.2875
6 0.5359375 0.090625 0.03515625 0.07083333333333333
5 0.309375 0.15104166666666666 0.08203125 0.20729166666666668