3 0.6609375 0.03854166666666667 0.059375 0.07291666666666667
1 0.909375 0.14791666666666667 0.0546875 0.16041666666666668
1 0.7921875 0.09895833333333333 0.0671875 0.19791666666666666
1 0.3875 0.765625 0.10625 0.39166666666666666
1 0.1890625 0.49166666666666664 0.1 0.2
1 0.1796875 0.22916666666666666 0.059375 0.18541666666666667
1 0.075 0.240625 0.0515625 0.09583333333333334
6 0.70390625 0.0875 0.040625 0.07083333333333333
6 0.44375 0.09270833333333334 0.0421875 0.052083333333333336
6 0.42109375 0.31145833333333334 0.04375 0.09791666666666667
6 0.290625 0.23958333333333334 0.040625 0.09166666666666666
5 0.7015625 0.14166666666666666 0.071875 0.2
5 0.4421875 0.13958333333333334 0.0609375 0.18125
5 0.3984375 0.3614583333333333 0.1140625 0.225