1 0.09765625 0.17604166666666668 0.0703125 0.18645833333333334
1 0.21328125 0.090625 0.0515625 0.153125
1 0.3203125 0.171875 0.053125 0.16666666666666666
1 0.6265625 0.778125 0.06875 0.36666666666666664
1 0.81953125 0.49166666666666664 0.0859375 0.21666666666666667
1 0.95625 0.26145833333333335 0.059375 0.10520833333333333
1 0.8421875 0.23854166666666668 0.059375 0.21145833333333333
5 0.5921875 0.33229166666666665 0.13359375 0.16979166666666667
5 0.72578125 0.31979166666666664 0.11640625 0.2833333333333333
5 0.56015625 0.11875 0.05859375 0.184375
6 0.5890625 0.3177083333333333 0.065625 0.08645833333333333
6 0.72734375 0.22604166666666667 0.0890625 0.096875
6 0.5671875 0.0875 0.03125 0.08020833333333334
3 0.42578125 0.04895833333333333 0.0390625 0.08020833333333334
3 0.49296875 0.03854166666666667 0.0296875 0.07708333333333334
3 0.7609375 0.10833333333333334 0.059375 0.11666666666666667