3 0.51328125 0.16979166666666667 0.05625 0.125
3 0.83828125 0.103125 0.05625 0.09166666666666666
6 0.771875 0.146875 0.040625 0.075
6 0.284375 0.13125 0.028125 0.11041666666666666
6 0.96171875 0.20104166666666667 0.053125 0.12083333333333333
1 0.11015625 0.20416666666666666 0.0796875 0.17708333333333334
1 0.64296875 0.7385416666666667 0.15 0.40208333333333335
1 0.8109375 0.4666666666666667 0.103125 0.22291666666666668
1 0.6265625 0.41875 0.1 0.2875
1 0.68515625 0.33958333333333335 0.1015625 0.24791666666666667
1 0.5359375 0.17083333333333334 0.04375 0.07083333333333333
1 0.20078125 0.14583333333333334 0.06875 0.18333333333333332
5 0.29140625 0.18020833333333333 0.06875 0.2375
5 0.76796875 0.20208333333333334 0.0625 0.18958333333333333
5 0.95 0.203125 0.0765625 0.16458333333333333