3 0.10625 0.36770833333333336 0.1734375 0.42291666666666666
6 0.27734375 0.08541666666666667 0.040625 0.06875
6 0.609375 0.29791666666666666 0.0625 0.13333333333333333
6 0.9546875 0.2760416666666667 0.075 0.1
1 0.51796875 0.15 0.0609375 0.15416666666666667
1 0.17890625 0.10208333333333333 0.0640625 0.1625
1 0.0546875 0.121875 0.0484375 0.09583333333333334
1 0.71015625 0.3541666666666667 0.1046875 0.19791666666666666
1 0.790625 0.2375 0.0546875 0.15625
1 0.6140625 0.7958333333333333 0.140625 0.4083333333333333
1 0.78515625 0.4708333333333333 0.1046875 0.20625
5 0.28125 0.140625 0.0640625 0.20416666666666666
5 0.95390625 0.2625 0.0921875 0.1625
5 0.60078125 0.37083333333333335 0.1109375 0.32083333333333336