3 0.0421875 0.3489583333333333 0.084375 0.18958333333333333
3 0.04375 0.221875 0.0875 0.11041666666666666
6 0.2734375 0.13541666666666666 0.0375 0.075
6 0.771875 0.153125 0.040625 0.09791666666666667
6 0.9578125 0.18020833333333333 0.046875 0.1125
6 0.7 0.19895833333333332 0.0640625 0.08125
1 0.0890625 0.24895833333333334 0.059375 0.125
1 0.178125 0.14895833333333333 0.078125 0.17083333333333334
1 0.63828125 0.7739583333333333 0.1546875 0.40625
1 0.82890625 0.453125 0.125 0.2520833333333333
1 0.64296875 0.371875 0.1046875 0.2916666666666667
1 0.52578125 0.15625 0.0671875 0.12916666666666668
5 0.2875 0.17916666666666667 0.0765625 0.19375
5 0.71640625 0.284375 0.1 0.29583333333333334
5 0.7859375 0.20208333333333334 0.0890625 0.22291666666666668
5 0.93828125 0.1875 0.09375 0.18541666666666667