3 0.259375 0.44583333333333336 0.09375 0.23020833333333332
3 0.53671875 0.12395833333333334 0.0546875 0.10833333333333334
1 0.653125 0.8010416666666667 0.09375 0.396875
1 0.6453125 0.35833333333333334 0.059375 0.21145833333333333
1 0.8296875 0.4947916666666667 0.096875 0.23333333333333334
1 0.8484375 0.24583333333333332 0.05 0.146875
1 0.1125 0.17604166666666668 0.08125 0.19166666666666668
1 0.2203125 0.09270833333333334 0.05625 0.14166666666666666
6 0.2875 0.10104166666666667 0.053125 0.041666666666666664
6 0.56328125 0.12916666666666668 0.0234375 0.053125
6 0.98203125 0.275 0.0328125 0.08854166666666667
6 0.7453125 0.2625 0.065625 0.103125
5 0.29609375 0.15208333333333332 0.08359375 0.18541666666666667
5 0.5671875 0.12916666666666668 0.04140625 0.16354166666666667
5 0.7453125 0.32395833333333335 0.109375 0.240625
5 0.9671875 0.25729166666666664 0.065625 0.146875