3 0.58125 0.1875 0.0515625 0.09583333333333334
3 0.8125 0.04479166666666667 0.08125 0.08958333333333333
6 0.58671875 0.290625 0.046875 0.07291666666666667
6 0.5296875 0.09166666666666666 0.046875 0.075
6 0.778125 0.16354166666666667 0.04375 0.08125
6 0.9734375 0.17395833333333333 0.0296875 0.15208333333333332
1 0.090625 0.18854166666666666 0.0703125 0.15208333333333332
1 0.184375 0.13645833333333332 0.065625 0.1625
1 0.2875 0.21145833333333333 0.0609375 0.17708333333333334
1 0.65078125 0.7677083333333333 0.1640625 0.4041666666666667
1 0.8 0.46145833333333336 0.1578125 0.17916666666666667
1 0.6734375 0.321875 0.0703125 0.22708333333333333
5 0.52109375 0.128125 0.06875 0.14791666666666667
5 0.60859375 0.34791666666666665 0.1140625 0.24583333333333332
5 0.78515625 0.21041666666666667 0.0921875 0.20833333333333334
5 0.94296875 0.17395833333333333 0.0890625 0.13333333333333333