6 0.65234375 0.30520833333333336 0.028125 0.08541666666666667
6 0.6953125 0.3416666666666667 0.05 0.07916666666666666
6 0.30859375 0.10208333333333333 0.0234375 0.06666666666666667
1 0.13359375 0.190625 0.0859375 0.17291666666666666
1 0.2171875 0.10104166666666667 0.071875 0.17291666666666666
1 0.63359375 0.7979166666666667 0.1109375 0.30833333333333335
1 0.83359375 0.471875 0.096875 0.23125
1 0.9671875 0.24270833333333333 0.065625 0.13125
3 0.5828125 0.08541666666666667 0.046875 0.16666666666666666
3 0.85078125 0.24166666666666667 0.0859375 0.2833333333333333
5 0.3171875 0.14791666666666667 0.059375 0.2125
5 0.64765625 0.3802083333333333 0.0625 0.25625
5 0.709375 0.3770833333333333 0.078125 0.2791666666666667
6 0.54921875 0.10208333333333333 0.0359375 0.08333333333333333
5 0.55078125 0.13333333333333333 0.0546875 0.175
1 0.80703125 0.2635416666666667 0.0421875 0.23958333333333334