1 0.09296875 0.20833333333333334 0.1078125 0.15
1 0.175 0.115625 0.0828125 0.17916666666666667
1 0.6375 0.753125 0.11875 0.32708333333333334
1 0.809375 0.453125 0.1109375 0.15
1 0.63671875 0.3572916666666667 0.09375 0.25416666666666665
1 0.94453125 0.21770833333333334 0.0515625 0.13541666666666666
6 0.27421875 0.09479166666666666 0.059375 0.08333333333333333
6 0.52890625 0.096875 0.05 0.05625
6 0.72109375 0.221875 0.059375 0.10208333333333333
6 0.7828125 0.15520833333333334 0.0390625 0.10625
3 0.86015625 0.503125 0.1921875 0.16666666666666666
3 0.58671875 0.034375 0.0421875 0.06875
5 0.27421875 0.14583333333333334 0.0859375 0.24166666666666667
5 0.52890625 0.13229166666666667 0.075 0.17291666666666666
5 0.7234375 0.2760416666666667 0.090625 0.2625
5 0.78828125 0.20625 0.06875 0.2375