3 0.046875 0.275 0.09375 0.2125
3 0.7828125 0.07291666666666667 0.03984375 0.08541666666666667
3 0.321875 0.12291666666666666 0.03828125 0.2
6 0.26953125 0.11666666666666667 0.0296875 0.090625
6 0.96640625 0.22708333333333333 0.05859375 0.12604166666666666
6 0.56484375 0.28958333333333336 0.05859375 0.10833333333333334
5 0.28671875 0.16458333333333333 0.0796875 0.24791666666666667
5 0.58203125 0.33125 0.11953125 0.2625
5 0.946875 0.215625 0.10625 0.08125
1 0.06484375 0.16770833333333332 0.05 0.12395833333333334
1 0.171875 0.10520833333333333 0.05703125 0.17916666666666667
1 0.60234375 0.7802083333333333 0.096875 0.38333333333333336
1 0.80078125 0.46458333333333335 0.10078125 0.18229166666666666
1 0.6890625 0.3572916666666667 0.059375 0.2
1 0.77734375 0.24583333333333332 0.0453125 0.184375
1 0.52578125 0.14791666666666667 0.05390625 0.11354166666666667