1 0.8734375 0.109375 0.071875 0.14166666666666666
1 0.76484375 0.08541666666666667 0.0921875 0.1625
1 0.3921875 0.7760416666666666 0.1328125 0.38958333333333334
1 0.184375 0.528125 0.1125 0.20208333333333334
1 0.1734375 0.28125 0.0671875 0.18958333333333333
1 0.059375 0.28541666666666665 0.0609375 0.11666666666666667
6 0.66953125 0.075 0.0453125 0.07916666666666666
6 0.42890625 0.10208333333333333 0.05 0.07708333333333334
6 0.39453125 0.2989583333333333 0.0640625 0.1
6 0.26796875 0.265625 0.059375 0.10833333333333334
5 0.671875 0.10625 0.09375 0.2125
5 0.4296875 0.13229166666666667 0.08125 0.18541666666666667
5 0.38046875 0.3697916666666667 0.1390625 0.28958333333333336
5 0.284375 0.32708333333333334 0.1140625 0.2833333333333333