3 0.478125 0.06041666666666667 0.0296875 0.12083333333333333
6 0.26640625 0.10104166666666667 0.03828125 0.090625
6 0.5609375 0.3 0.05703125 0.12604166666666666
6 0.96484375 0.23854166666666668 0.05234375 0.09895833333333333
1 0.05625 0.15833333333333333 0.0640625 0.11875
1 0.165625 0.096875 0.05859375 0.16875
1 0.59609375 0.7864583333333334 0.1375 0.38125
1 0.78828125 0.4739583333333333 0.125 0.159375
1 0.684375 0.35833333333333334 0.0765625 0.22708333333333333
1 0.76953125 0.23958333333333334 0.05859375 0.2375
1 0.52265625 0.12916666666666668 0.034375 0.16145833333333334
5 0.2828125 0.15104166666666666 0.0765625 0.221875
5 0.575 0.3885416666666667 0.10234375 0.328125
5 0.9484375 0.24270833333333333 0.103125 0.06875