3 0.5625 0.040625 0.05 0.08125
3 0.2546875 0.09270833333333334 0.059375 0.10625
3 0.3328125 0.04895833333333333 0.0515625 0.07916666666666666
3 0.17890625 0.23333333333333334 0.0515625 0.075
6 0.390625 0.290625 0.0453125 0.09791666666666667
6 0.421875 0.10625 0.0421875 0.05
5 0.4375 0.13541666666666666 0.075 0.1625
5 0.3828125 0.38229166666666664 0.1265625 0.29375
1 0.26953125 0.3875 0.084375 0.20416666666666666
1 0.346875 0.784375 0.1375 0.43125
1 0.13515625 0.23333333333333334 0.0625 0.1875
1 0.1640625 0.5083333333333333 0.1265625 0.20625
1 0.88125 0.16458333333333333 0.065625 0.15
1 0.7671875 0.071875 0.078125 0.14166666666666666
1 0.66015625 0.16458333333333333 0.075 0.1625
1 0.03515625 0.28229166666666666 0.0515625 0.075