3 0.40625 0.075 0.0390625 0.08333333333333333
3 0.5203125 0.40208333333333335 0.09375 0.14166666666666666
3 0.7296875 0.06875 0.0453125 0.06666666666666667
6 0.75703125 0.12395833333333334 0.0671875 0.07708333333333334
6 0.4078125 0.315625 0.0625 0.125
6 0.05703125 0.17291666666666666 0.0484375 0.11875
5 0.40234375 0.36770833333333336 0.084375 0.29375
5 0.74375 0.18125 0.0875 0.21666666666666667
5 0.0640625 0.178125 0.09375 0.09583333333333334
1 0.9515625 0.228125 0.075 0.15833333333333333
1 0.846875 0.15104166666666666 0.0671875 0.16041666666666668
1 0.37109375 0.7760416666666666 0.125 0.38958333333333334
1 0.20234375 0.4354166666666667 0.096875 0.17708333333333334
1 0.23359375 0.2 0.0640625 0.2125
1 0.3 0.32916666666666666 0.0875 0.21458333333333332
1 0.5 0.15 0.059375 0.13125