3 0.8296875 0.15833333333333333 0.05390625 0.09375
3 0.73203125 0.078125 0.05546875 0.09583333333333334
3 0.50859375 0.165625 0.03984375 0.10833333333333334
6 0.55625 0.10208333333333333 0.04375 0.10833333333333334
6 0.5984375 0.30416666666666664 0.0609375 0.11354166666666667
1 0.1015625 0.18645833333333334 0.0640625 0.12604166666666666
1 0.20390625 0.1 0.05234375 0.14375
1 0.30078125 0.18958333333333333 0.0484375 0.15104166666666666
1 0.61875 0.7875 0.10078125 0.37916666666666665
1 0.80859375 0.48854166666666665 0.0953125 0.20416666666666666
1 0.67578125 0.353125 0.07109375 0.20208333333333334
1 0.79765625 0.2864583333333333 0.03828125 0.16458333333333333
5 0.55703125 0.125 0.07421875 0.2
5 0.60078125 0.38229166666666664 0.11328125 0.290625
5 0.95546875 0.21979166666666666 0.0890625 0.11145833333333334
6 0.97890625 0.24270833333333333 0.034375 0.090625