3 0.2609375 0.434375 0.1 0.23333333333333334
3 0.546875 0.12604166666666666 0.0578125 0.11041666666666666
1 0.64453125 0.803125 0.1046875 0.39375
1 0.64921875 0.365625 0.065625 0.21458333333333332
1 0.8296875 0.5104166666666666 0.103125 0.2375
1 0.8546875 0.2625 0.053125 0.14791666666666667
1 0.12109375 0.15833333333333333 0.0859375 0.19583333333333333
1 0.23125 0.08020833333333334 0.059375 0.14375
6 0.2984375 0.09166666666666666 0.0546875 0.04375
6 0.57265625 0.13229166666666667 0.025 0.05416666666666667
6 0.98515625 0.296875 0.0296875 0.08958333333333333
6 0.7515625 0.27395833333333336 0.06875 0.10625
5 0.30546875 0.14270833333333333 0.0875 0.18958333333333333
5 0.5765625 0.13229166666666667 0.0453125 0.16458333333333333
5 0.75 0.33541666666666664 0.115625 0.24583333333333332
5 0.96953125 0.2791666666666667 0.0609375 0.15