3 0.2171875 0.096875 0.0484375 0.07708333333333334
3 0.1671875 0.18958333333333333 0.0640625 0.2625
5 0.06875 0.16354166666666667 0.1 0.15
5 0.23203125 0.19270833333333334 0.0796875 0.19583333333333333
5 0.71875 0.18020833333333333 0.090625 0.20625
6 0.73203125 0.12083333333333333 0.04375 0.06458333333333334
6 0.2375 0.14583333333333334 0.0546875 0.0625
6 0.03828125 0.16145833333333334 0.0390625 0.1375
1 0.9 0.2708333333333333 0.10625 0.26875
1 0.821875 0.15729166666666666 0.065625 0.15208333333333332
1 0.340625 0.7697916666666667 0.1265625 0.4041666666666667
1 0.35859375 0.38645833333333335 0.0859375 0.25
1 0.3265625 0.3125 0.103125 0.2604166666666667
1 0.17734375 0.43333333333333335 0.121875 0.21875
1 0.4671875 0.1625 0.0953125 0.10208333333333333