3 0.3671875 0.4125 0.115625 0.21979166666666666
3 0.12109375 0.259375 0.1296875 0.196875
3 0.64296875 0.042708333333333334 0.0515625 0.08541666666666667
1 0.63828125 0.7427083333333333 0.1171875 0.396875
1 0.82578125 0.496875 0.1140625 0.2552083333333333
1 0.8390625 0.23333333333333334 0.0625 0.171875
1 0.75078125 0.36666666666666664 0.1078125 0.16666666666666666
1 0.64609375 0.3375 0.0765625 0.20833333333333334
1 0.08515625 0.19895833333333332 0.0453125 0.08645833333333333
1 0.2078125 0.084375 0.071875 0.153125
1 0.32734375 0.196875 0.0984375 0.15520833333333334
6 0.97734375 0.234375 0.0453125 0.146875
6 0.5640625 0.09270833333333334 0.040625 0.09166666666666666
5 0.55546875 0.12604166666666666 0.07265625 0.221875
5 0.96875 0.23020833333333332 0.0625 0.19791666666666666