6 0.06796875 0.20729166666666668 0.0640625 0.10625
5 0.0890625 0.19583333333333333 0.1171875 0.17291666666666666
5 0.73203125 0.17708333333333334 0.0734375 0.17291666666666666
5 0.33046875 0.278125 0.0875 0.27291666666666664
3 0.71484375 0.065625 0.0578125 0.07708333333333334
6 0.740625 0.13020833333333334 0.046875 0.05416666666666667
6 0.49453125 0.096875 0.0421875 0.05
6 0.325 0.196875 0.0625 0.11041666666666666
5 0.4890625 0.13020833333333334 0.065625 0.17708333333333334
1 0.93046875 0.22708333333333333 0.0875 0.2125
1 0.83671875 0.15833333333333333 0.0875 0.20833333333333334
1 0.35 0.7760416666666666 0.1546875 0.4270833333333333
1 0.19765625 0.44166666666666665 0.128125 0.225
1 0.22265625 0.22395833333333334 0.0640625 0.21666666666666667
1 0.39296875 0.36770833333333336 0.0921875 0.2833333333333333