3 0.6046875 0.20416666666666666 0.0578125 0.12916666666666668
3 0.7796875 0.03333333333333333 0.075 0.06666666666666667
6 0.5921875 0.28229166666666666 0.04375 0.06666666666666667
6 0.521875 0.1 0.0390625 0.05416666666666667
6 0.78359375 0.16354166666666667 0.0390625 0.07708333333333334
6 0.96953125 0.18229166666666666 0.0390625 0.16875
1 0.63828125 0.7447916666666666 0.121875 0.3020833333333333
1 0.80859375 0.4552083333333333 0.1046875 0.19375
1 0.675 0.32708333333333334 0.08125 0.21875
1 0.0796875 0.25104166666666666 0.0796875 0.15625
1 0.1796875 0.1375 0.0703125 0.17708333333333334
1 0.28984375 0.20416666666666666 0.059375 0.20416666666666666
5 0.60234375 0.36770833333333336 0.1015625 0.2625
5 0.778125 0.22395833333333334 0.0671875 0.22291666666666668
5 0.94375 0.18854166666666666 0.090625 0.1625