3 0.81953125 0.21770833333333334 0.15625 0.3458333333333333
3 0.58203125 0.17604166666666668 0.0796875 0.1875
1 0.34453125 0.38645833333333335 0.0796875 0.23541666666666666
1 0.37734375 0.7625 0.1265625 0.35208333333333336
1 0.17578125 0.50625 0.0984375 0.225
1 0.7734375 0.09375 0.1 0.17083333333333334
1 0.88515625 0.14166666666666666 0.0734375 0.12083333333333333
1 0.43984375 0.159375 0.05 0.12291666666666666
5 0.040625 0.2625 0.08125 0.2
6 0.025 0.25416666666666665 0.05 0.14583333333333334
6 0.6828125 0.0875 0.0359375 0.06875
6 0.2703125 0.234375 0.04375 0.07083333333333333
6 0.18984375 0.19375 0.0609375 0.07916666666666666
5 0.68125 0.18020833333333333 0.053125 0.26666666666666666
5 0.2703125 0.31354166666666666 0.0828125 0.29583333333333334
5 0.1890625 0.24791666666666667 0.09375 0.225