3 0.53046875 0.171875 0.05 0.12083333333333333
3 0.85859375 0.13541666666666666 0.05234375 0.08854166666666667
6 0.78984375 0.17291666666666666 0.03671875 0.07291666666666667
6 0.30390625 0.1125 0.02265625 0.10833333333333334
6 0.9765625 0.24479166666666666 0.046875 0.11666666666666667
1 0.1265625 0.16875 0.07109375 0.171875
1 0.63046875 0.7510416666666667 0.13046875 0.39166666666666666
1 0.81171875 0.49583333333333335 0.0921875 0.21458333333333332
1 0.63046875 0.43020833333333336 0.08515625 0.28020833333333334
1 0.69296875 0.3572916666666667 0.08828125 0.23958333333333334
1 0.553125 0.175 0.04140625 0.06770833333333333
1 0.2203125 0.11875 0.059375 0.17708333333333334
5 0.30859375 0.16145833333333334 0.05703125 0.23229166666666667
5 0.7828125 0.228125 0.05390625 0.184375
5 0.9640625 0.24583333333333332 0.06953125 0.159375