3 0.94453125 0.228125 0.05 0.11041666666666666
3 0.80859375 0.23645833333333333 0.06875 0.12291666666666666
3 0.31484375 0.09270833333333334 0.0703125 0.10416666666666667
3 0.58046875 0.08229166666666667 0.0390625 0.06875
6 0.5515625 0.08645833333333333 0.0421875 0.07291666666666667
6 0.59765625 0.30520833333333336 0.05625 0.11666666666666667
1 0.1171875 0.16458333333333333 0.084375 0.16666666666666666
1 0.21796875 0.10208333333333333 0.0734375 0.20416666666666666
1 0.33671875 0.146875 0.03125 0.10625
1 0.6078125 0.771875 0.1421875 0.4395833333333333
1 0.809375 0.5 0.1140625 0.18541666666666667
1 0.68671875 0.3541666666666667 0.0703125 0.225
1 0.846875 0.234375 0.0453125 0.13125
5 0.55 0.128125 0.0828125 0.18333333333333332
5 0.6125 0.3770833333333333 0.1171875 0.2916666666666667
1 0.94765625 0.2635416666666667 0.1046875 0.07291666666666667