1 0.115625 0.109375 0.0609375 0.13958333333333334
1 0.2171875 0.08020833333333334 0.0625 0.15
1 0.59921875 0.809375 0.1390625 0.38125
1 0.80625 0.515625 0.109375 0.2125
1 0.8125 0.26979166666666665 0.053125 0.16041666666666668
1 0.946875 0.2833333333333333 0.10625 0.1375
1 0.63984375 0.3729166666666667 0.0796875 0.22708333333333333
6 0.3109375 0.07916666666666666 0.0484375 0.09583333333333334
6 0.571875 0.10833333333333334 0.0546875 0.0875
6 0.7171875 0.25 0.0453125 0.07291666666666667
3 0.35078125 0.027083333333333334 0.0421875 0.05416666666666667
3 0.609375 0.3572916666666667 0.0828125 0.13125
5 0.31640625 0.13125 0.0953125 0.25625
5 0.56640625 0.14479166666666668 0.075 0.1625
5 0.7125 0.31145833333333334 0.084375 0.26875