1 0.09375 0.17291666666666666 0.059375 0.13333333333333333
1 0.19921875 0.13125 0.0796875 0.15104166666666666
1 0.63203125 0.75625 0.09921875 0.37604166666666666
1 0.815625 0.47708333333333336 0.096875 0.18645833333333334
1 0.80390625 0.23020833333333332 0.05078125 0.18229166666666666
1 0.91796875 0.215625 0.05078125 0.10833333333333334
6 0.29296875 0.10520833333333333 0.03984375 0.07291666666666667
6 0.534375 0.09375 0.04296875 0.07083333333333333
6 0.5859375 0.2833333333333333 0.05546875 0.090625
6 0.70859375 0.23020833333333332 0.05078125 0.10104166666666667
5 0.2921875 0.13333333333333333 0.075 0.2125
5 0.5359375 0.12395833333333334 0.0640625 0.17708333333333334
5 0.60703125 0.35104166666666664 0.11484375 0.27291666666666664
5 0.6984375 0.29375 0.08984375 0.26979166666666665