3 0.08359375 0.17291666666666666 0.1078125 0.16458333333333333
3 0.265625 0.24791666666666667 0.096875 0.2375
6 0.30390625 0.08125 0.03984375 0.09583333333333334
6 0.71875 0.23125 0.05703125 0.08333333333333333
6 0.80078125 0.19166666666666668 0.0453125 0.090625
6 0.97421875 0.22916666666666666 0.0515625 0.08645833333333333
1 0.63828125 0.7739583333333333 0.10390625 0.37604166666666666
1 0.82578125 0.478125 0.13203125 0.209375
1 0.65234375 0.4010416666666667 0.08203125 0.2833333333333333
1 0.1234375 0.17395833333333333 0.07421875 0.12604166666666666
1 0.2078125 0.078125 0.05859375 0.15625
1 0.56015625 0.16875 0.04375 0.10625
5 0.31328125 0.14479166666666668 0.05546875 0.225
5 0.715625 0.2916666666666667 0.07421875 0.265625
5 0.81015625 0.24895833333333334 0.0953125 0.23020833333333332
5 0.9578125 0.221875 0.08359375 0.12604166666666666