3 0.48359375 0.04583333333333333 0.0671875 0.09166666666666666
3 0.56875 0.13229166666666667 0.0375 0.08020833333333334
1 0.11875 0.19270833333333334 0.103125 0.19166666666666668
1 0.3296875 0.1625 0.065625 0.16354166666666667
1 0.20625 0.090625 0.084375 0.125
1 0.63359375 0.790625 0.1109375 0.2916666666666667
1 0.8296875 0.46770833333333334 0.1 0.225
1 0.84609375 0.21979166666666666 0.0640625 0.171875
1 0.740625 0.3385416666666667 0.075 0.15
1 0.63515625 0.353125 0.0703125 0.19479166666666667
6 0.975 0.25729166666666664 0.05 0.125
6 0.55234375 0.10833333333333334 0.0203125 0.078125
5 0.54375 0.16770833333333332 0.03125 0.08020833333333334
5 0.9640625 0.259375 0.05625 0.075