3 0.10703125 0.503125 0.196875 0.5770833333333333
3 0.26875 0.16770833333333332 0.0671875 0.25416666666666665
6 0.7 0.228125 0.046875 0.07083333333333333
6 0.5484375 0.09166666666666666 0.034375 0.06458333333333334
6 0.96015625 0.203125 0.0515625 0.11875
1 0.08515625 0.21145833333333333 0.06875 0.17291666666666666
1 0.1875 0.153125 0.0875 0.17708333333333334
1 0.2984375 0.19895833333333332 0.05625 0.14583333333333334
1 0.62734375 0.3770833333333333 0.1359375 0.3229166666666667
1 0.8390625 0.46458333333333335 0.1296875 0.2708333333333333
1 0.81875 0.2125 0.0640625 0.18541666666666667
1 0.6640625 0.7875 0.1546875 0.40208333333333335
5 0.5421875 0.146875 0.071875 0.17916666666666667
5 0.7203125 0.31875 0.1015625 0.26458333333333334
5 0.95078125 0.203125 0.0703125 0.13958333333333334