3 0.7296875 0.12604166666666666 0.0625 0.2520833333333333
3 0.0546875 0.190625 0.040625 0.12083333333333333
3 0.15390625 0.22291666666666668 0.046875 0.15416666666666667
3 0.4265625 0.13333333333333333 0.0609375 0.0875
6 0.190625 0.20729166666666668 0.0359375 0.0875
6 0.0140625 0.290625 0.028125 0.10208333333333333
1 0.878125 0.14583333333333334 0.0875 0.2125
1 0.4109375 0.7614583333333333 0.1 0.29375
1 0.353125 0.41041666666666665 0.06875 0.19583333333333333
1 0.30859375 0.359375 0.1 0.23333333333333334
1 0.18828125 0.509375 0.10625 0.16458333333333333
1 0.778125 0.09791666666666667 0.0578125 0.19375
1 0.67109375 0.184375 0.05 0.19791666666666666
1 0.42890625 0.19895833333333332 0.065625 0.06458333333333334
5 0.19921875 0.275 0.090625 0.21875
5 0.02890625 0.28020833333333334 0.0578125 0.14375