3 0.53828125 0.05416666666666667 0.05 0.07708333333333334
3 0.71796875 0.1875 0.06875 0.14375
3 0.64375 0.346875 0.0890625 0.14583333333333334
3 0.33828125 0.03229166666666667 0.0640625 0.06458333333333334
6 0.29453125 0.0625 0.0515625 0.08125
1 0.0921875 0.14375 0.071875 0.14791666666666667
1 0.20703125 0.08541666666666667 0.0765625 0.1625
1 0.615625 0.7916666666666666 0.15 0.4166666666666667
1 0.78515625 0.51875 0.1421875 0.25416666666666665
1 0.78671875 0.2520833333333333 0.0671875 0.16458333333333333
1 0.63046875 0.31666666666666665 0.0921875 0.15833333333333333
1 0.721875 0.3770833333333333 0.096875 0.225
6 0.96796875 0.278125 0.0640625 0.13958333333333334
5 0.296875 0.121875 0.096875 0.20416666666666666
5 0.959375 0.275 0.08125 0.1625
1 0.5390625 0.16770833333333332 0.0671875 0.15208333333333332