6 0.290625 0.08958333333333333 0.03515625 0.053125
6 0.53359375 0.09583333333333334 0.046875 0.065625
6 0.7078125 0.209375 0.0640625 0.07604166666666666
6 0.575 0.296875 0.0453125 0.13854166666666667
1 0.090625 0.15104166666666666 0.0625 0.15625
1 0.20234375 0.12395833333333334 0.0640625 0.15625
1 0.615625 0.778125 0.1125 0.35833333333333334
1 0.8140625 0.475 0.10234375 0.20208333333333334
1 0.8078125 0.23125 0.05546875 0.18958333333333333
1 0.9203125 0.228125 0.0625 0.14895833333333333
5 0.29765625 0.13333333333333333 0.075 0.21666666666666667
5 0.5265625 0.13333333333333333 0.08359375 0.17708333333333334
5 0.59765625 0.3625 0.11328125 0.29583333333333334
5 0.7140625 0.29375 0.07265625 0.265625