3 0.20390625 0.140625 0.07265625 0.13854166666666667
1 0.090625 0.18229166666666666 0.05078125 0.10625
1 0.1921875 0.075 0.05 0.08333333333333333
1 0.62265625 0.7572916666666667 0.09765625 0.3229166666666667
1 0.81875 0.4895833333333333 0.08984375 0.21666666666666667
1 0.809375 0.24270833333333333 0.05390625 0.19166666666666668
1 0.92265625 0.21041666666666667 0.05859375 0.12395833333333334
6 0.2921875 0.1 0.03515625 0.07291666666666667
6 0.525 0.09479166666666666 0.02421875 0.042708333333333334
6 0.5921875 0.28541666666666665 0.0625 0.10625
6 0.70625 0.23854166666666668 0.0484375 0.09375
5 0.30390625 0.15416666666666667 0.0765625 0.2375
5 0.53515625 0.13645833333333332 0.05390625 0.16666666666666666
5 0.60390625 0.3375 0.10546875 0.225
5 0.70625 0.29375 0.065625 0.28020833333333334