3 0.55859375 0.03229166666666667 0.0390625 0.06354166666666666
3 0.8578125 0.484375 0.08125 0.14166666666666666
6 0.7484375 0.23229166666666667 0.059375 0.058333333333333334
6 0.31171875 0.08645833333333333 0.0515625 0.05520833333333333
6 0.56484375 0.1 0.0265625 0.071875
6 0.80859375 0.18333333333333332 0.0484375 0.08854166666666667
1 0.63828125 0.784375 0.0984375 0.353125
1 0.64765625 0.390625 0.0734375 0.246875
1 0.96171875 0.24479166666666666 0.0609375 0.10520833333333333
1 0.79921875 0.4739583333333333 0.0703125 0.11354166666666667
1 0.1078125 0.18645833333333334 0.08125 0.13333333333333333
1 0.21796875 0.1 0.0546875 0.14479166666666668
5 0.3171875 0.14895833333333333 0.065625 0.22916666666666666
5 0.55859375 0.12916666666666668 0.0640625 0.14791666666666667
5 0.74453125 0.278125 0.08359375 0.184375
5 0.81953125 0.2125 0.0796875 0.18645833333333334