3 0.51484375 0.052083333333333336 0.046875 0.07291666666666667
3 0.70078125 0.16770833333333332 0.0609375 0.13854166666666667
3 0.63515625 0.334375 0.08203125 0.13854166666666667
3 0.3140625 0.03958333333333333 0.059375 0.078125
6 0.271875 0.08229166666666667 0.046875 0.078125
1 0.07421875 0.18229166666666666 0.0640625 0.14166666666666666
1 0.1859375 0.11354166666666667 0.06796875 0.15625
1 0.63125 0.78125 0.12890625 0.40625
1 0.78515625 0.49270833333333336 0.12890625 0.24270833333333333
1 0.7734375 0.22604166666666667 0.05859375 0.159375
1 0.6203125 0.30520833333333336 0.08359375 0.15104166666666666
1 0.71484375 0.35625 0.08671875 0.21666666666666667
6 0.96328125 0.23541666666666666 0.0734375 0.13333333333333333
5 0.27734375 0.14166666666666666 0.08671875 0.196875
5 0.95546875 0.23333333333333334 0.0890625 0.15416666666666667
1 0.521875 0.16458333333333333 0.05859375 0.146875