3 0.84453125 0.3177083333333333 0.0890625 0.31666666666666665
6 0.65546875 0.29791666666666666 0.0421875 0.0875
6 0.7 0.328125 0.0390625 0.08958333333333333
6 0.33046875 0.08125 0.0484375 0.05
6 0.56796875 0.08020833333333334 0.0265625 0.052083333333333336
1 0.146875 0.15208333333333332 0.1125 0.11875
1 0.23125 0.10104166666666667 0.1046875 0.19375
1 0.64453125 0.7385416666666667 0.134375 0.36875
1 0.84296875 0.5489583333333333 0.14375 0.3
1 0.971875 0.29791666666666666 0.05625 0.12916666666666668
5 0.3375 0.178125 0.09375 0.14375
5 0.56015625 0.18125 0.0375 0.10833333333333334
5 0.72734375 0.4125 0.0859375 0.14166666666666666