3 0.3515625 0.023958333333333335 0.05625 0.04791666666666667
3 0.97578125 0.24375 0.0484375 0.10833333333333334
6 0.31171875 0.07708333333333334 0.0609375 0.075
6 0.56328125 0.09375 0.05 0.08333333333333333
5 0.31875 0.12291666666666666 0.1 0.20208333333333334
5 0.5640625 0.13125 0.0640625 0.18333333333333332
5 0.7125 0.334375 0.0765625 0.24375
6 0.71484375 0.24479166666666666 0.040625 0.07916666666666666
1 0.10703125 0.09583333333333334 0.0609375 0.19166666666666668
1 0.22734375 0.09479166666666666 0.0828125 0.18958333333333333
1 0.625 0.790625 0.184375 0.41875
1 0.80390625 0.5166666666666667 0.1140625 0.2125
1 0.8171875 0.275 0.0875 0.2
1 0.62421875 0.4 0.1109375 0.3145833333333333