1 0.05859375 0.271875 0.0890625 0.15625
1 0.39609375 0.7625 0.1421875 0.3229166666666667
1 0.18125 0.5041666666666667 0.1125 0.22708333333333333
5 0.15703125 0.246875 0.0828125 0.18125
1 0.30546875 0.34479166666666666 0.0765625 0.15416666666666667
1 0.771875 0.065625 0.0625 0.13125
1 0.89140625 0.10833333333333334 0.0765625 0.1375
3 0.81640625 0.08125 0.0578125 0.125
3 0.37109375 0.171875 0.0578125 0.13541666666666666
6 0.40390625 0.30416666666666664 0.0453125 0.0625
6 0.6734375 0.078125 0.0796875 0.075
6 0.16171875 0.228125 0.0484375 0.08541666666666667
5 0.446875 0.13125 0.071875 0.1875
5 0.3875 0.40625 0.146875 0.3020833333333333
6 0.4375 0.096875 0.0390625 0.075
5 0.6671875 0.13020833333333334 0.0953125 0.21458333333333332