3 0.60859375 0.16145833333333334 0.03828125 0.07604166666666666
3 0.79765625 0.058333333333333334 0.05234375 0.10625
3 0.56640625 0.06666666666666667 0.04296875 0.07291666666666667
3 0.58125 0.31145833333333334 0.0484375 0.08854166666666667
6 0.79140625 0.17916666666666667 0.03984375 0.09583333333333334
6 0.98515625 0.23229166666666667 0.0296875 0.15625
1 0.09453125 0.17708333333333334 0.08671875 0.11666666666666667
1 0.209375 0.10208333333333333 0.05234375 0.14375
1 0.30078125 0.17708333333333334 0.03984375 0.17708333333333334
1 0.64609375 0.7916666666666666 0.09921875 0.3458333333333333
1 0.83359375 0.4895833333333333 0.13046875 0.20208333333333334
1 0.66796875 0.346875 0.08125 0.159375
1 0.69921875 0.3572916666666667 0.07265625 0.24479166666666666
5 0.7921875 0.21979166666666666 0.08125 0.21666666666666667
5 0.953125 0.24270833333333333 0.090625 0.13125
1 0.55078125 0.16666666666666666 0.05078125 0.07083333333333333