3 0.4 0.15625 0.040625 0.07916666666666666
3 0.21328125 0.05 0.0546875 0.1
3 0.4453125 0.06354166666666666 0.04375 0.075
3 0.4234375 0.3072916666666667 0.0515625 0.09166666666666666
6 0.2171875 0.165625 0.0421875 0.09791666666666667
6 0.021875 0.209375 0.034375 0.15833333333333333
1 0.9140625 0.19583333333333333 0.0890625 0.12083333333333333
1 0.80078125 0.115625 0.05625 0.14791666666666667
1 0.7078125 0.18645833333333334 0.04375 0.17916666666666667
1 0.34609375 0.784375 0.1078125 0.35
1 0.1671875 0.4739583333333333 0.1359375 0.20833333333333334
1 0.3359375 0.33958333333333335 0.0859375 0.16458333333333333
1 0.3046875 0.34791666666666665 0.0796875 0.24791666666666667
5 0.215625 0.20625 0.0875 0.22083333333333333
5 0.05390625 0.221875 0.09375 0.13541666666666666
1 0.4578125 0.16458333333333333 0.053125 0.07291666666666667