3 0.07265625 0.375 0.14453125 0.2552083333333333
3 0.50078125 0.525 0.075 0.4239583333333333
6 0.57890625 0.290625 0.06953125 0.10625
6 0.290625 0.096875 0.04375 0.058333333333333334
3 0.54375 0.04375 0.0375 0.0875
6 0.55078125 0.1125 0.08359375 0.042708333333333334
1 0.10078125 0.15833333333333333 0.06796875 0.17916666666666667
1 0.2 0.12916666666666668 0.05703125 0.196875
5 0.29375 0.14270833333333333 0.065625 0.21458333333333332
1 0.63359375 0.8 0.09921875 0.38333333333333336
1 0.8140625 0.4864583333333333 0.11640625 0.19479166666666667
1 0.9203125 0.225 0.05703125 0.11145833333333334
1 0.8140625 0.196875 0.07109375 0.17708333333333334
1 0.684375 0.33958333333333335 0.06796875 0.19479166666666667
5 0.5421875 0.14791666666666667 0.0953125 0.13854166666666667
5 0.60078125 0.3729166666666667 0.11328125 0.3104166666666667