3 0.50625 0.04791666666666667 0.0421875 0.09375
3 0.5484375 0.46458333333333335 0.128125 0.32708333333333334
3 0.44765625 0.13541666666666666 0.0515625 0.12291666666666666
3 0.371875 0.035416666666666666 0.0703125 0.06458333333333334
6 0.409375 0.2989583333333333 0.0640625 0.10208333333333333
6 0.42734375 0.10625 0.0328125 0.052083333333333336
1 0.3859375 0.7979166666666667 0.11875 0.39166666666666666
1 0.1765625 0.51875 0.11875 0.22916666666666666
1 0.2671875 0.3729166666666667 0.0890625 0.175
1 0.1578125 0.24166666666666667 0.0625 0.17083333333333334
1 0.02734375 0.25729166666666664 0.0546875 0.11875
1 0.884375 0.16875 0.0484375 0.11875
1 0.7734375 0.09270833333333334 0.075 0.18541666666666667
1 0.67734375 0.15520833333333334 0.065625 0.14166666666666666
5 0.42734375 0.178125 0.0515625 0.06458333333333334
5 0.353125 0.34791666666666665 0.05625 0.18958333333333333