1 0.09375 0.18229166666666666 0.05703125 0.11666666666666667
1 0.2046875 0.11145833333333334 0.05390625 0.15104166666666666
1 0.62890625 0.775 0.1375 0.3885416666666667
1 0.815625 0.47708333333333336 0.09375 0.20729166666666668
1 0.81953125 0.2375 0.07109375 0.196875
1 0.940625 0.23645833333333333 0.09921875 0.12395833333333334
6 0.30078125 0.09583333333333334 0.03515625 0.06041666666666667
6 0.53671875 0.09583333333333334 0.034375 0.06041666666666667
6 0.58203125 0.2864583333333333 0.06796875 0.08854166666666667
3 0.703125 0.16458333333333333 0.0453125 0.08125
1 0.70703125 0.36354166666666665 0.08203125 0.221875
5 0.58984375 0.38333333333333336 0.125 0.328125
5 0.303125 0.14895833333333333 0.07265625 0.21666666666666667
5 0.5375 0.12604166666666666 0.05 0.17708333333333334