3 0.31640625 0.04895833333333333 0.03515625 0.08854166666666667
3 0.06953125 0.31354166666666666 0.096875 0.23229166666666667
6 0.70234375 0.23854166666666668 0.046875 0.07291666666666667
6 0.27734375 0.09375 0.04140625 0.07604166666666666
6 0.52890625 0.08958333333333333 0.05234375 0.06354166666666666
6 0.96875 0.23958333333333334 0.05078125 0.12083333333333333
1 0.07421875 0.16666666666666666 0.0625 0.146875
1 0.19375 0.12708333333333333 0.07265625 0.2
1 0.6234375 0.7729166666666667 0.14453125 0.4395833333333333
1 0.7984375 0.4583333333333333 0.10546875 0.21979166666666666
1 0.7859375 0.2520833333333333 0.046875 0.196875
1 0.6109375 0.35625 0.096875 0.27291666666666664
5 0.2828125 0.140625 0.05703125 0.21979166666666666
5 0.53046875 0.11979166666666667 0.05234375 0.16875
5 0.7 0.30416666666666664 0.08828125 0.2604166666666667
5 0.95234375 0.22916666666666666 0.0953125 0.18020833333333333