1 0.146875 0.11979166666666667 0.0859375 0.12083333333333333
6 0.340625 0.06979166666666667 0.040625 0.07708333333333334
6 0.578125 0.10520833333333333 0.0296875 0.05
6 0.61171875 0.2989583333333333 0.053125 0.1
6 0.6625 0.37395833333333334 0.05625 0.10208333333333333
6 0.821875 0.225 0.053125 0.0875
1 0.2578125 0.08541666666666667 0.084375 0.1625
1 0.61015625 0.771875 0.0921875 0.3125
1 0.84609375 0.4864583333333333 0.10625 0.1
1 0.9765625 0.328125 0.046875 0.14375
5 0.69140625 0.446875 0.14375 0.3125
5 0.5984375 0.4125 0.084375 0.3125
5 0.79296875 0.240625 0.1140625 0.13333333333333333
5 0.3484375 0.11770833333333333 0.08125 0.2
5 0.57734375 0.13854166666666667 0.05625 0.16041666666666668