1 0.640625 0.7614583333333333 0.13125 0.3541666666666667
1 0.84453125 0.4791666666666667 0.090625 0.32916666666666666
1 0.9859375 0.296875 0.028125 0.08541666666666667
1 0.23359375 0.07291666666666667 0.0671875 0.11875
1 0.1109375 0.14791666666666667 0.090625 0.175
1 0.23046875 0.08333333333333333 0.090625 0.15416666666666667
6 0.60078125 0.29583333333333334 0.053125 0.10625
6 0.6609375 0.4125 0.078125 0.31875
6 0.328125 0.07083333333333333 0.0515625 0.06875
6 0.57265625 0.1 0.0359375 0.07916666666666666
6 0.8203125 0.21875 0.0421875 0.09375
5 0.6875 0.4239583333333333 0.1421875 0.3625
5 0.58359375 0.396875 0.078125 0.3125
5 0.81640625 0.24583333333333332 0.090625 0.20833333333333334
5 0.334375 0.121875 0.096875 0.22291666666666668
5 0.5765625 0.11458333333333333 0.06875 0.20416666666666666