3 0.271875 0.06458333333333334 0.0359375 0.08333333333333333
1 0.09453125 0.16145833333333334 0.0453125 0.175
1 0.20546875 0.121875 0.065625 0.17291666666666666
1 0.62265625 0.79375 0.1234375 0.4125
1 0.81015625 0.490625 0.103125 0.18541666666666667
1 0.81796875 0.22395833333333334 0.053125 0.20208333333333334
1 0.9328125 0.234375 0.059375 0.10416666666666667
6 0.3 0.09479166666666666 0.025 0.05
6 0.53515625 0.09791666666666667 0.028125 0.04791666666666667
6 0.58515625 0.3 0.0421875 0.10208333333333333
6 0.715625 0.23333333333333334 0.04375 0.08958333333333333
5 0.309375 0.14583333333333334 0.06875 0.18125
5 0.53984375 0.14270833333333333 0.0703125 0.15208333333333332
5 0.596875 0.346875 0.1234375 0.24791666666666667
5 0.709375 0.3020833333333333 0.0625 0.2625