3 0.8125 0.13854166666666667 0.04296875 0.07083333333333333
3 0.85546875 0.2375 0.04375 0.25729166666666664
5 0.95546875 0.225 0.0890625 0.13854166666666667
5 0.790625 0.23125 0.06640625 0.18958333333333333
5 0.3078125 0.15104166666666666 0.075 0.196875
6 0.29921875 0.090625 0.03828125 0.06041666666666667
6 0.7890625 0.184375 0.05 0.05520833333333333
6 0.9859375 0.228125 0.028125 0.13333333333333333
1 0.1203125 0.21666666666666667 0.08671875 0.25729166666666664
1 0.20703125 0.11458333333333333 0.05390625 0.14375
1 0.6375 0.790625 0.096875 0.39375
1 0.64921875 0.40625 0.06796875 0.24270833333333333
1 0.6875 0.3375 0.08515625 0.25
1 0.82578125 0.478125 0.10625 0.20416666666666666
1 0.559375 0.16875 0.08828125 0.090625