3 0.93359375 0.19791666666666666 0.0453125 0.10833333333333334
3 0.79765625 0.215625 0.0640625 0.11875
3 0.29921875 0.10625 0.06640625 0.10104166666666667
3 0.5640625 0.07708333333333334 0.03671875 0.06770833333333333
6 0.53515625 0.08333333333333333 0.03984375 0.07083333333333333
6 0.58984375 0.2989583333333333 0.05234375 0.11354166666666667
1 0.1046875 0.19166666666666668 0.078125 0.16145833333333334
1 0.20234375 0.11145833333333334 0.0640625 0.221875
1 0.3234375 0.15833333333333333 0.02734375 0.103125
1 0.61796875 0.7635416666666667 0.125 0.4322916666666667
1 0.80859375 0.478125 0.1078125 0.17916666666666667
1 0.68046875 0.3416666666666667 0.0625 0.21979166666666666
1 0.8359375 0.21041666666666667 0.04140625 0.12916666666666668
5 0.53515625 0.125 0.0765625 0.17916666666666667
5 0.6078125 0.3697916666666667 0.10546875 0.28541666666666665
1 0.94140625 0.23229166666666667 0.1078125 0.065625