3 0.31953125 0.05 0.03671875 0.065625
1 0.08984375 0.17916666666666667 0.06796875 0.146875
1 0.19375 0.12916666666666668 0.06640625 0.171875
1 0.634375 0.7739583333333333 0.109375 0.396875
1 0.8109375 0.478125 0.1109375 0.209375
1 0.803125 0.21875 0.06640625 0.18958333333333333
1 0.93359375 0.23020833333333332 0.08671875 0.12083333333333333
6 0.28671875 0.096875 0.03984375 0.103125
6 0.54609375 0.10833333333333334 0.04140625 0.08125
6 0.7 0.24270833333333333 0.05078125 0.08125
6 0.59375 0.31354166666666666 0.05390625 0.08541666666666667
5 0.2984375 0.15833333333333333 0.065625 0.2
5 0.55 0.15104166666666666 0.05703125 0.171875
5 0.6 0.3614583333333333 0.078125 0.221875
5 0.69375 0.30833333333333335 0.06953125 0.24791666666666667