1 0.10078125 0.15208333333333332 0.065625 0.14583333333333334
1 0.20703125 0.1 0.05625 0.15416666666666667
1 0.61328125 0.7729166666666667 0.1046875 0.3625
1 0.81953125 0.503125 0.1140625 0.225
1 0.81875 0.234375 0.0546875 0.1875
1 0.9328125 0.25625 0.0734375 0.1625
6 0.5453125 0.109375 0.0484375 0.07916666666666666
6 0.3046875 0.10729166666666666 0.0453125 0.08541666666666667
6 0.5921875 0.3177083333333333 0.065625 0.11875
6 0.7140625 0.24791666666666667 0.046875 0.08541666666666667
5 0.3125 0.14583333333333334 0.0671875 0.19791666666666666
5 0.5453125 0.140625 0.071875 0.21875
5 0.59921875 0.3854166666666667 0.1328125 0.26875
5 0.70390625 0.31875 0.0875 0.30416666666666664