1 0.36015625 0.7677083333333333 0.0890625 0.3645833333333333
1 0.16171875 0.48541666666666666 0.14375 0.29791666666666666
1 0.028125 0.25833333333333336 0.0453125 0.08541666666666667
1 0.1578125 0.22291666666666668 0.065625 0.16875
1 0.88515625 0.22291666666666668 0.0953125 0.21875
1 0.7859375 0.12916666666666668 0.075 0.14583333333333334
6 0.34140625 0.36770833333333336 0.053125 0.11875
6 0.2765625 0.25729166666666664 0.05 0.12083333333333333
6 0.45390625 0.11875 0.0390625 0.06875
6 0.69609375 0.10520833333333333 0.0421875 0.1
5 0.35 0.271875 0.09375 0.11666666666666667
5 0.26640625 0.315625 0.078125 0.09166666666666666
5 0.6796875 0.19270833333333334 0.0875 0.11875
5 0.453125 0.16041666666666668 0.059375 0.09583333333333334
3 0.0265625 0.15625 0.0390625 0.10416666666666667
3 0.4375 0.06354166666666666 0.0453125 0.07708333333333334