3 0.37109375 0.165625 0.065625 0.06354166666666666
6 0.26640625 0.09375 0.0328125 0.09583333333333334
6 0.5640625 0.2989583333333333 0.0625 0.078125
6 0.97109375 0.24479166666666666 0.0578125 0.06458333333333334
5 0.2796875 0.14479166666666668 0.0625 0.20416666666666666
5 0.578125 0.3770833333333333 0.09921875 0.3
1 0.071875 0.18958333333333333 0.06953125 0.146875
1 0.5171875 0.15104166666666666 0.05078125 0.10625
1 0.60703125 0.7864583333333334 0.13203125 0.4270833333333333
1 0.81953125 0.45416666666666666 0.14765625 0.18645833333333334
1 0.6875 0.35625 0.07109375 0.20208333333333334
1 0.76953125 0.228125 0.05390625 0.21458333333333332
1 0.17265625 0.11875 0.0921875 0.16666666666666666
5 0.940625 0.25104166666666666 0.11875 0.06041666666666667