3 0.8234375 0.13229166666666667 0.03828125 0.053125
3 0.87578125 0.15520833333333334 0.05859375 0.11354166666666667
6 0.79375 0.178125 0.0453125 0.07291666666666667
6 0.98203125 0.234375 0.0359375 0.13020833333333334
6 0.30078125 0.08541666666666667 0.05078125 0.06041666666666667
5 0.31015625 0.15625 0.06953125 0.2125
5 0.79609375 0.23333333333333334 0.0609375 0.20416666666666666
1 0.1046875 0.15104166666666666 0.05859375 0.14166666666666666
1 0.21015625 0.10208333333333333 0.0765625 0.16875
1 0.62890625 0.7864583333333334 0.121875 0.37083333333333335
1 0.65078125 0.396875 0.06796875 0.221875
1 0.690625 0.35833333333333334 0.07109375 0.2125
1 0.82421875 0.49583333333333335 0.08828125 0.24479166666666666
1 0.54140625 0.13229166666666667 0.0453125 0.14375
5 0.9640625 0.234375 0.0640625 0.146875