3 0.14296875 0.246875 0.0953125 0.18854166666666666
3 0.61171875 0.171875 0.0671875 0.11666666666666667
6 0.565625 0.10104166666666667 0.059375 0.030208333333333334
6 0.6 0.29270833333333335 0.05625 0.08020833333333334
1 0.0984375 0.17604166666666668 0.046875 0.175
1 0.21015625 0.10520833333333333 0.0765625 0.128125
1 0.31015625 0.146875 0.0671875 0.15
1 0.7421875 0.35104166666666664 0.075 0.16979166666666667
1 0.8375 0.21354166666666666 0.096875 0.19479166666666667
1 0.840625 0.48020833333333335 0.065625 0.15520833333333334
1 0.634375 0.7875 0.090625 0.346875
1 0.96875 0.2635416666666667 0.0625 0.06145833333333333
5 0.609375 0.40729166666666666 0.11953125 0.334375
5 0.55234375 0.12604166666666666 0.06796875 0.18125