3 0.4890625 0.06041666666666667 0.034375 0.12083333333333333
6 0.27734375 0.090625 0.040625 0.09166666666666666
6 0.56640625 0.303125 0.059375 0.12708333333333333
6 0.97109375 0.2604166666666667 0.0546875 0.1
1 0.065625 0.1375 0.065625 0.12083333333333333
1 0.17578125 0.08333333333333333 0.0640625 0.16666666666666666
1 0.58828125 0.790625 0.146875 0.3875
1 0.7890625 0.4875 0.1296875 0.16458333333333333
1 0.68828125 0.36666666666666664 0.08125 0.22916666666666666
1 0.7765625 0.2520833333333333 0.0640625 0.23958333333333334
1 0.53203125 0.13020833333333334 0.0390625 0.1625
5 0.2921875 0.14166666666666666 0.0828125 0.225
5 0.578125 0.39166666666666666 0.1109375 0.33125
5 0.95078125 0.2635416666666667 0.0984375 0.07291666666666667