1 0.63828125 0.7552083333333334 0.14921875 0.3333333333333333
1 0.853125 0.5229166666666667 0.1125 0.2677083333333333
1 0.971875 0.2791666666666667 0.05625 0.18333333333333332
1 0.1171875 0.16145833333333334 0.0609375 0.11145833333333334
1 0.22421875 0.1 0.05703125 0.12916666666666668
6 0.3234375 0.10520833333333333 0.03828125 0.053125
6 0.565625 0.109375 0.04296875 0.10833333333333334
6 0.596875 0.296875 0.05078125 0.11875
6 0.63515625 0.37916666666666665 0.06796875 0.13125
6 0.81640625 0.203125 0.046875 0.08333333333333333
5 0.72890625 0.41770833333333335 0.05078125 0.12916666666666668
5 0.6640625 0.29583333333333334 0.0609375 0.12604166666666666
5 0.8125 0.2125 0.0453125 0.10625
5 0.32265625 0.19583333333333333 0.0625 0.11875
5 0.5640625 0.159375 0.04296875 0.146875