3 0.07421875 0.3645833333333333 0.1484375 0.25833333333333336
3 0.50078125 0.525 0.08125 0.4270833333333333
6 0.58125 0.29270833333333335 0.071875 0.10833333333333334
6 0.29609375 0.09166666666666666 0.04375 0.058333333333333334
3 0.55 0.04479166666666667 0.0390625 0.0875
6 0.55546875 0.11354166666666667 0.084375 0.04375
1 0.10546875 0.14895833333333333 0.0703125 0.18125
1 0.2046875 0.121875 0.059375 0.19791666666666666
5 0.2984375 0.1375 0.06875 0.21666666666666667
1 0.6296875 0.803125 0.103125 0.3854166666666667
1 0.8140625 0.49375 0.11875 0.19791666666666666
1 0.92421875 0.234375 0.0578125 0.1125
1 0.81796875 0.20416666666666666 0.0734375 0.17916666666666667
1 0.68671875 0.34375 0.0703125 0.19583333333333333
5 0.546875 0.14895833333333333 0.0984375 0.13958333333333334
5 0.60234375 0.375 0.1171875 0.3145833333333333