3 0.3828125 0.11770833333333333 0.0609375 0.08125
3 0.1734375 0.15729166666666666 0.06875 0.14791666666666667
6 0.71015625 0.10833333333333334 0.0453125 0.08958333333333333
6 0.22421875 0.16458333333333333 0.0546875 0.08958333333333333
6 0.03203125 0.17395833333333333 0.040625 0.0625
1 0.89921875 0.20729166666666668 0.0484375 0.13125
1 0.8046875 0.13854166666666667 0.0578125 0.17708333333333334
1 0.3609375 0.7416666666666667 0.1125 0.32083333333333336
1 0.178125 0.4791666666666667 0.1265625 0.20416666666666666
1 0.359375 0.39479166666666665 0.065625 0.23541666666666666
1 0.30625 0.3572916666666667 0.075 0.23125
5 0.69375 0.15 0.0828125 0.22083333333333333
5 0.23046875 0.23541666666666666 0.084375 0.25
5 0.0578125 0.1875 0.096875 0.13541666666666666
1 0.46796875 0.19479166666666667 0.0625 0.1375