3 0.65703125 0.3458333333333333 0.0640625 0.125
3 0.61484375 0.109375 0.0640625 0.08020833333333334
3 0.6390625 0.026041666666666668 0.05 0.052083333333333336
3 0.44765625 0.04895833333333333 0.0671875 0.096875
6 0.60078125 0.30833333333333335 0.0515625 0.13333333333333333
6 0.565625 0.08854166666666667 0.0375 0.08333333333333333
1 0.11015625 0.17604166666666668 0.0828125 0.125
1 0.215625 0.11666666666666667 0.0625 0.15520833333333334
1 0.31875 0.165625 0.075 0.14166666666666666
1 0.6390625 0.7864583333333334 0.09375 0.35
1 0.83046875 0.496875 0.0765625 0.20520833333333333
1 0.8359375 0.23020833333333332 0.05 0.178125
1 0.7390625 0.3375 0.109375 0.16979166666666667
1 0.97109375 0.253125 0.0578125 0.08854166666666667
5 0.55234375 0.15833333333333333 0.0546875 0.08854166666666667
5 0.61328125 0.45416666666666666 0.0921875 0.08645833333333333