1 0.26015625 0.17604166666666668 0.06640625 0.13229166666666667
1 0.16328125 0.11041666666666666 0.07265625 0.14375
1 0.60234375 0.7583333333333333 0.115625 0.32708333333333334
1 0.78984375 0.45729166666666665 0.1015625 0.16145833333333334
1 0.915625 0.24583333333333332 0.04375 0.14583333333333334
1 0.046875 0.17083333333333334 0.0484375 0.14375
1 0.5078125 0.13645833333333332 0.05859375 0.14166666666666666
5 0.73984375 0.22395833333333334 0.07109375 0.16458333333333333
6 0.7296875 0.159375 0.0296875 0.06041666666666667
3 0.74609375 0.090625 0.06796875 0.06041666666666667
6 0.6609375 0.20208333333333334 0.05546875 0.07604166666666666
6 0.55234375 0.29375 0.05390625 0.09375
5 0.56640625 0.3729166666666667 0.13515625 0.28020833333333334
5 0.66953125 0.28541666666666665 0.08984375 0.2833333333333333