3 0.590625 0.359375 0.059375 0.14166666666666666
3 0.6703125 0.03854166666666667 0.059375 0.07708333333333334
1 0.646875 0.7833333333333333 0.115625 0.3614583333333333
1 0.65234375 0.36770833333333336 0.0640625 0.24166666666666667
1 0.83984375 0.49166666666666664 0.1234375 0.23333333333333334
1 0.8453125 0.22083333333333333 0.059375 0.203125
1 0.746875 0.365625 0.084375 0.146875
1 0.11171875 0.18854166666666666 0.0828125 0.14479166666666668
1 0.2125 0.10729166666666666 0.071875 0.18020833333333333
1 0.325 0.17604166666666668 0.090625 0.175
6 0.56953125 0.10104166666666667 0.0328125 0.058333333333333334
6 0.97265625 0.24270833333333333 0.0484375 0.16354166666666667
5 0.56875 0.13020833333333334 0.05 0.16666666666666666
5 0.959375 0.2375 0.08125 0.178125