3 0.23046875 0.31354166666666666 0.1125 0.35833333333333334
3 0.521875 0.15 0.05546875 0.16458333333333333
3 0.9625 0.16875 0.0609375 0.11145833333333334
1 0.63359375 0.7833333333333333 0.1046875 0.43333333333333335
1 0.6578125 0.39479166666666665 0.08828125 0.25
1 0.821875 0.4822916666666667 0.09765625 0.2125
1 0.9625 0.265625 0.0609375 0.06041666666666667
1 0.103125 0.16770833333333332 0.08125 0.17395833333333333
1 0.21328125 0.09479166666666666 0.0625 0.14895833333333333
1 0.546875 0.17916666666666667 0.04296875 0.08125
5 0.30859375 0.14166666666666666 0.06953125 0.2125
5 0.725 0.309375 0.10078125 0.290625
5 0.81484375 0.24375 0.08984375 0.225
6 0.30546875 0.0875 0.04296875 0.08333333333333333
6 0.72265625 0.21458333333333332 0.05234375 0.090625
6 0.80546875 0.19479166666666667 0.05390625 0.09583333333333334
2 0.5696022734375 0.33585858541666663 0.46732954531250004 0.24494949375 0.31534090937500003 0.2979797979166667 0.33664772656249997 0.5606060604166667 0.44602272656249997 0.6818181812499999 0.5568181812499999 0.5808080812499999 0.5696022734375 0.33585858541666663
2 0.8508522734374999 1 0.9644886359375 0.6843434333333334 0.7059659093749999 0.4520202020833333 0.5909090906250001 0.6085858583333333 0.5838068187500001 1 0.8508522734374999 1
2 1 0.3131313145833333 0.9076704546875 0.2525252520833333 0.7102272734375 0.44949495 0.9616477265625001 0.6919191916666667 1 0.55050505 1 0.3131313145833333
2 1 0.08333333333333333 0.9232954546875 0.09848484791666667 0.90625 0.25 1 0.31818181875 1 0.08333333333333333
2 0.6946022734375 0.46969696875 0.6988636359375 0.2878787895833333 0.5880681812499999 0.19949495 0.46306818125 0.25 0.5696022734375 0.35858585833333334 0.5596590906250001 0.5732323229166667 0.6946022734375 0.46969696875
4 0.7755681812499999 0.4116161604166667 0.7926136359375 0.20707070833333333 0.6931818187500001 0.16161616041666665 0.5951704546875 0.20202020208333332 0.7002840906250001 0.2828282833333333 0.6974431812499999 0.4469696979166667 0.7755681812499999 0.4116161604166667
4 0.8664772734374999 0.3080808083333333 0.8920454546875 0.14646464791666666 0.8053977265625001 0.11111111041666667 0.7073863640625 0.15909090833333334 0.7826704546875 0.23232323333333332 0.7784090906250001 0.35858585833333334 0.8664772734374999 0.3080808083333333
2 0 0.25505050625000003 0.15056818125 0.25505050625000003 0.1491477265625 0.075757575 0 0.075757575 0 0.25505050625000003
2 0.247159090625 0.07323232291666668 0.30397727343750003 0.05808080833333333 0.29829545468749996 0 0.15056818125 0.0050505062500000005 0.1803977265625 0.05808080833333333 0.1917613640625 0.21464646458333334 0.25568181874999996 0.21212121041666665 0.247159090625 0.07323232291666668
4 0.2457386359375 0.06818181875 0.26704545468749996 0.25 0.36079545468749996 0.24494949375 0.34943181874999996 0.04040404166666667 0.2457386359375 0.06818181875
4 0.49005681875 0 0.48579545468749996 0.23232323333333332 0.5724431812499999 0.1969696979166667 0.5710227265625 0.0050505062500000005 0.49005681875 0