6 0.2640625 0.09166666666666666 0.05703125 0.08854166666666667
6 0.5546875 0.3 0.05 0.11666666666666667
6 0.97109375 0.24166666666666667 0.0578125 0.09583333333333334
5 0.28046875 0.15416666666666667 0.075 0.22708333333333333
5 0.58203125 0.37083333333333335 0.1078125 0.29270833333333335
5 0.9484375 0.23333333333333334 0.08984375 0.06770833333333333
3 0.15546875 0.21354166666666666 0.08984375 0.11354166666666667
1 0.05859375 0.17708333333333334 0.0609375 0.12083333333333333
1 0.16796875 0.11458333333333333 0.06640625 0.13333333333333333
1 0.58671875 0.76875 0.08828125 0.35625
1 0.6890625 0.3572916666666667 0.06796875 0.2
1 0.79609375 0.4625 0.0953125 0.171875
1 0.775 0.23854166666666668 0.046875 0.16458333333333333
1 0.509375 0.1625 0.05234375 0.14895833333333333