3 0.31953125 0.05 0.0359375 0.06666666666666667
1 0.08984375 0.17916666666666667 0.0671875 0.14583333333333334
1 0.19375 0.12916666666666668 0.065625 0.17083333333333334
1 0.634375 0.7739583333333333 0.109375 0.39791666666666664
1 0.8109375 0.478125 0.109375 0.21041666666666667
1 0.803125 0.21875 0.065625 0.1875
1 0.93359375 0.23020833333333332 0.0859375 0.12083333333333333
6 0.28671875 0.096875 0.0390625 0.10208333333333333
6 0.54609375 0.10833333333333334 0.0421875 0.08333333333333333
6 0.7 0.24270833333333333 0.05 0.08125
6 0.59375 0.31354166666666666 0.053125 0.08541666666666667
5 0.2984375 0.15833333333333333 0.065625 0.2
5 0.55 0.15104166666666666 0.05625 0.17291666666666666
5 0.6 0.3614583333333333 0.078125 0.22291666666666668
5 0.69375 0.30833333333333335 0.06875 0.25