6 0.28046875 0.07604166666666666 0.059375 0.09166666666666666
6 0.5625 0.30416666666666664 0.0546875 0.12083333333333333
6 0.975 0.275 0.05 0.1
5 0.29453125 0.13958333333333334 0.084375 0.23125
5 0.58671875 0.3770833333333333 0.11875 0.3
5 0.95625 0.2635416666666667 0.0875 0.07291666666666667
3 0.1671875 0.18958333333333333 0.09375 0.12083333333333333
1 0.071875 0.146875 0.065625 0.125
1 0.18359375 0.09166666666666666 0.071875 0.1375
1 0.57578125 0.7739583333333333 0.103125 0.36041666666666666
1 0.69453125 0.37083333333333335 0.0765625 0.20416666666666666
1 0.796875 0.48333333333333334 0.1015625 0.17708333333333334
1 0.78515625 0.25833333333333336 0.053125 0.16666666666666666
1 0.52265625 0.16354166666666667 0.0578125 0.15208333333333332