6 0.37265625 0.3697916666666667 0.0625 0.13958333333333334
6 0.74296875 0.11770833333333333 0.046875 0.052083333333333336
6 0.03203125 0.221875 0.053125 0.10625
3 0.70703125 0.04583333333333333 0.0390625 0.07083333333333333
3 0.3234375 0.09479166666666666 0.0453125 0.09166666666666666
3 0.725 0.371875 0.0796875 0.17083333333333334
1 0.92890625 0.20520833333333333 0.06875 0.15625
1 0.83125 0.12083333333333333 0.1015625 0.15833333333333333
1 0.365625 0.775 0.1546875 0.44375
1 0.21015625 0.446875 0.103125 0.17916666666666667
1 0.234375 0.21770833333333334 0.0640625 0.20416666666666666
1 0.30625 0.34375 0.0703125 0.20416666666666666
5 0.73515625 0.17604166666666668 0.0765625 0.19791666666666666
5 0.40625 0.3614583333333333 0.128125 0.22708333333333333
5 0.05859375 0.20104166666666667 0.1046875 0.15208333333333332
1 0.4828125 0.17395833333333333 0.0625 0.12083333333333333