3 0.31640625 0.046875 0.03125 0.078125
1 0.19765625 0.11875 0.06796875 0.15625
1 0.0875 0.18541666666666667 0.078125 0.14375
1 0.61328125 0.7739583333333333 0.12890625 0.40625
1 0.8015625 0.4864583333333333 0.109375 0.23020833333333332
1 0.79921875 0.21979166666666666 0.05 0.18229166666666666
1 0.934375 0.22083333333333333 0.08828125 0.14895833333333333
6 0.278125 0.09375 0.03671875 0.08541666666666667
6 0.54921875 0.09479166666666666 0.03828125 0.09375
6 0.58671875 0.30416666666666664 0.04296875 0.103125
6 0.69921875 0.221875 0.04296875 0.08125
5 0.29453125 0.15520833333333334 0.0953125 0.21458333333333332
5 0.5390625 0.12291666666666666 0.0609375 0.18958333333333333
5 0.60546875 0.3645833333333333 0.09375 0.25
5 0.6921875 0.29375 0.06640625 0.29583333333333334