6 0.30703125 0.07604166666666666 0.0375 0.05625
6 0.54921875 0.09895833333333333 0.05 0.06875
6 0.71875 0.22395833333333334 0.0671875 0.08125
6 0.5828125 0.3020833333333333 0.05 0.14166666666666666
1 0.1046875 0.12291666666666666 0.06875 0.16041666666666668
1 0.2171875 0.10416666666666667 0.0703125 0.16041666666666668
1 0.6046875 0.7854166666666667 0.1265625 0.36666666666666664
1 0.81484375 0.496875 0.1109375 0.20833333333333334
1 0.81796875 0.253125 0.0625 0.19166666666666668
1 0.93046875 0.25833333333333336 0.06875 0.15208333333333332
5 0.3125 0.11979166666666667 0.0828125 0.22083333333333333
5 0.540625 0.13541666666666666 0.090625 0.18125
5 0.603125 0.3697916666666667 0.125 0.30416666666666664
5 0.721875 0.309375 0.0828125 0.2708333333333333