3 0.5890625 0.3572916666666667 0.0609375 0.14375
3 0.66328125 0.036458333333333336 0.0609375 0.07291666666666667
1 0.65078125 0.7802083333333333 0.1203125 0.3645833333333333
1 0.65078125 0.3645833333333333 0.0671875 0.24375
1 0.83984375 0.48333333333333334 0.1265625 0.23541666666666666
1 0.84140625 0.2125 0.0625 0.20416666666666666
1 0.7453125 0.36041666666666666 0.0859375 0.15
1 0.1078125 0.19791666666666666 0.084375 0.14583333333333334
1 0.20703125 0.11354166666666667 0.075 0.18333333333333332
1 0.32109375 0.18020833333333333 0.0921875 0.17708333333333334
6 0.5640625 0.1 0.0328125 0.058333333333333334
6 0.96953125 0.23125 0.05 0.16458333333333333
5 0.5640625 0.12916666666666668 0.0515625 0.16875
5 0.95625 0.22708333333333333 0.0828125 0.18125