1 0.05859375 0.190625 0.06640625 0.14895833333333333
1 0.15 0.10520833333333333 0.05859375 0.13854166666666667
1 0.2546875 0.17916666666666667 0.05859375 0.17708333333333334
1 0.6171875 0.7614583333333333 0.10625 0.32083333333333336
1 0.78046875 0.45625 0.1125 0.21458333333333332
3 0.74609375 0.109375 0.03125 0.09895833333333333
6 0.55390625 0.2833333333333333 0.05078125 0.10104166666666667
6 0.6765625 0.20416666666666666 0.05859375 0.10625
6 0.728125 0.16145833333333334 0.046875 0.08125
6 0.92265625 0.23125 0.0640625 0.11354166666666667
5 0.9125 0.225 0.10625 0.08541666666666667
5 0.57265625 0.3614583333333333 0.10234375 0.29791666666666666
5 0.66953125 0.2916666666666667 0.078125 0.24479166666666666
5 0.73671875 0.21875 0.06640625 0.209375
1 0.50703125 0.16458333333333333 0.06796875 0.08541666666666667