3 0.5859375 0.11875 0.04140625 0.10625
3 0.58359375 0.028125 0.0515625 0.05520833333333333
6 0.27109375 0.10833333333333334 0.0453125 0.05
6 0.546875 0.28020833333333334 0.06796875 0.12604166666666666
6 0.96796875 0.24583333333333332 0.0640625 0.125
5 0.28515625 0.17916666666666667 0.08828125 0.21666666666666667
5 0.57421875 0.3625 0.121875 0.24479166666666666
5 0.94765625 0.225 0.1046875 0.15416666666666667
1 0.075 0.171875 0.096875 0.16666666666666666
1 0.17578125 0.13229166666666667 0.0640625 0.20416666666666666
1 0.5984375 0.7510416666666667 0.16015625 0.421875
1 0.79609375 0.46875 0.1125 0.225
1 0.68671875 0.34479166666666666 0.06640625 0.21458333333333332
1 0.7765625 0.24166666666666667 0.05234375 0.2
1 0.5234375 0.14479166666666668 0.04375 0.09375