3 0.41796875 0.03854166666666667 0.0546875 0.07708333333333334
3 0.6015625 0.03229166666666667 0.04375 0.06354166666666666
3 0.76796875 0.07395833333333333 0.0734375 0.096875
3 0.81484375 0.19270833333333334 0.0703125 0.10833333333333334
6 0.59296875 0.2989583333333333 0.0640625 0.096875
6 0.571875 0.09270833333333334 0.04375 0.041666666666666664
5 0.55546875 0.12916666666666668 0.06484375 0.15104166666666666
5 0.603125 0.35 0.115625 0.23229166666666667
1 0.64375 0.759375 0.1 0.3416666666666667
1 0.84296875 0.49583333333333335 0.0859375 0.225
1 0.8484375 0.209375 0.059375 0.153125
1 0.71796875 0.38333333333333336 0.0890625 0.21666666666666667
1 0.9609375 0.24270833333333333 0.065625 0.10833333333333334
1 0.20859375 0.10520833333333333 0.0703125 0.13333333333333333
1 0.31796875 0.16770833333333332 0.0609375 0.175
1 0.10703125 0.16666666666666666 0.0484375 0.20520833333333333