3 0.81015625 0.334375 0.0640625 0.20416666666666666
3 0.5703125 0.12291666666666666 0.05546875 0.20416666666666666
6 0.64765625 0.30416666666666664 0.03984375 0.11875
6 0.70859375 0.275 0.05390625 0.090625
6 0.3171875 0.084375 0.06953125 0.08854166666666667
1 0.22265625 0.10833333333333334 0.065625 0.15104166666666666
1 0.12421875 0.21875 0.10078125 0.159375
1 0.63671875 0.7364583333333333 0.13515625 0.35625
1 0.97421875 0.284375 0.0515625 0.15833333333333333
1 0.8515625 0.20208333333333334 0.03828125 0.12604166666666666
5 0.32578125 0.17395833333333333 0.0953125 0.17708333333333334
5 0.565625 0.14166666666666666 0.08828125 0.12083333333333333
5 0.725 0.37604166666666666 0.07265625 0.16666666666666666