0 0.333969465648855 0.6685750636132315 0.34223918575063617 0.6246819338422394
0 0.7894402035623411 0.561704834605598 0.2709923664122137 0.49491094147582704
0 0.9503816793893131 0.48664122137404575 0.09923664122137388 0.4033078880407126
0 0.8142493638676847 0.4122137404580152 0.2137404580152672 0.33842239185750644
0 0.5833333333333335 0.34987277353689555 0.11577608142493634 0.21119592875318072
0 0.5432569974554708 0.40203562340966914 0.16030534351145037 0.25445292620865145
0 0.479643765903308 0.4592875318066157 0.17557251908396954 0.30279898218829515
0 0.38867684478371506 0.36450381679389304 0.10050890585241734 0.24554707379134866
0 0.21755725190839698 0.40712468193384216 0.14758269720101783 0.2468193384223919
0 0.0979643765903308 0.4840966921119592 0.18575063613231557 0.4033078880407125
