0 0.5295373665480427 0.4975800711743772 0.09679715302491104 0.36825622775800726
0 0.46868327402135235 0.33750889679715296 0.07188612099644126 0.42192170818505337
0 0.4131672597864769 0.16170818505338075 0.09181494661921707 0.2812811387900357
0 0.38718861209964417 0.10434163701067611 0.09679715302491104 0.19985765124555166
0 0.3117437722419929 0.4920284697508897 0.11103202846975091 0.2609252669039147
0 0.399288256227758 0.6252669039145908 0.0612099644128114 0.3719572953736655
0 0.4544483985765124 0.760355871886121 0.06476868327402135 0.3460498220640571
1 0.5814946619217082 0.7261209964412811 0.08398576512455525 0.3071886120996441
1 0.6697508896797153 0.8972953736654804 0.07971530249110326 0.2054092526690392
1 0.2807829181494662 0.7881138790035587 0.0918149466192171 0.35715302491103207
