0 0.7436012572968118 0.5451653944020357 0.12049094446939079 0.3167938931297709
0 0.10413860200568775 0.583969465648855 0.19794940877114203 0.2646310432569975
0 0.32102230205059124 0.4567430025445294 0.07745846430175124 0.16030534351145032
0 0.38901362071546175 0.43384223918575077 0.03614728334081724 0.0814249363867684
0 0.629565184852567 0.43575063613231557 0.07143391707828173 0.08778625954198471
1 0.8507521329142343 0.8409669211195929 0.1488923813800329 0.3104325699745547
1 0.23624831612034125 0.833969465648855 0.19708875916778923 0.3244274809160306
1 0.3537269869779973 0.7213740458015268 0.13426133812303548 0.2442748091603053
1 0.37438257745846426 0.6164122137404581 0.09811405478221824 0.13104325699745556
1 0.46604176021553656 0.5826972010178118 0.12135159407274365 0.1475826972010177
1 0.40536596317916473 0.5273536895674302 0.05680287382128424 0.06234096692111957
1 0.4428042209250112 0.5057251908396947 0.05249962580452028 0.04961832061068705
1 0.8115925759616822 0.608142493638677 0.0860649603352791 0.03562340966921129
1 0.960017212992067 0.7544529262086515 0.07996557401586601 0.32061068702290063
