6 0.49296875 0.178125 0.0453125 0.10625
6 0.325 0.26458333333333334 0.05 0.08125
6 0.63828125 0.6927083333333334 0.0578125 0.14583333333333334
5 0.62109375 0.6864583333333333 0.1484375 0.30416666666666664
5 0.325 0.259375 0.0734375 0.14166666666666666
5 0.48671875 0.2125 0.084375 0.28125
1 0.315625 0.09583333333333334 0.0515625 0.17291666666666666
1 0.3890625 0.18333333333333332 0.059375 0.17083333333333334
1 0.25546875 0.2125 0.0546875 0.17916666666666667
1 0.71640625 0.51875 0.065625 0.2791666666666667
1 0.4546875 0.5072916666666667 0.0953125 0.3020833333333333