6 0.2265625 0.14791666666666667 0.0625 0.08333333333333333
6 0.49765625 0.18125 0.0453125 0.07708333333333334
6 0.63046875 0.7041666666666667 0.0828125 0.15
5 0.22578125 0.17708333333333334 0.1171875 0.19166666666666668
5 0.48203125 0.2375 0.0984375 0.24375
5 0.6265625 0.6979166666666666 0.15625 0.2708333333333333
1 0.3125 0.096875 0.053125 0.15625
1 0.3859375 0.19166666666666668 0.06875 0.1875
1 0.45078125 0.5177083333333333 0.08125 0.34791666666666665
1 0.7140625 0.49895833333333334 0.10625 0.27291666666666664
1 0.31796875 0.2635416666666667 0.0859375 0.16458333333333333