3 0.040625 0.13020833333333334 0.08125 0.24375
1 0.3046875 0.11354166666666667 0.05 0.15
1 0.2484375 0.21979166666666666 0.05 0.17291666666666666
1 0.39140625 0.196875 0.0609375 0.14166666666666666
5 0.3171875 0.2708333333333333 0.0734375 0.12708333333333333
6 0.32265625 0.2791666666666667 0.053125 0.08958333333333333
1 0.46484375 0.496875 0.059375 0.31875
1 0.4609375 0.2677083333333333 0.0390625 0.1875
1 0.72109375 0.503125 0.0796875 0.3020833333333333
5 0.62265625 0.6958333333333333 0.14375 0.28125
6 0.6453125 0.6885416666666667 0.0890625 0.16458333333333333