3 0.4796875 0.24895833333333334 0.0484375 0.07604166666666666
6 0.21796875 0.17291666666666666 0.053125 0.08125
6 0.4921875 0.18020833333333333 0.04140625 0.096875
6 0.63125 0.70625 0.06875 0.18020833333333333
1 0.3 0.24895833333333334 0.053125 0.159375
1 0.29921875 0.10104166666666667 0.04140625 0.11770833333333333
1 0.3734375 0.18333333333333332 0.0546875 0.12916666666666668
1 0.46171875 0.5 0.06640625 0.30104166666666665
1 0.709375 0.4864583333333333 0.0640625 0.25
5 0.22265625 0.17604166666666668 0.11171875 0.21770833333333334
5 0.47109375 0.21979166666666666 0.09609375 0.25416666666666665
5 0.6234375 0.7020833333333333 0.13125 0.24791666666666667