3 0.096875 0.28541666666666665 0.153125 0.40208333333333335
1 0.22421875 0.21041666666666667 0.075 0.20625
1 0.2875 0.0875 0.078125 0.13541666666666666
1 0.37578125 0.18645833333333334 0.0734375 0.13541666666666666
1 0.46953125 0.21354166666666666 0.14375 0.18333333333333332
5 0.31328125 0.27395833333333336 0.0625 0.15
6 0.31171875 0.2864583333333333 0.0390625 0.08333333333333333
1 0.44375 0.45 0.0421875 0.2791666666666667
1 0.7140625 0.4979166666666667 0.0625 0.2625
5 0.6125 0.7 0.1375 0.28541666666666665
6 0.61796875 0.690625 0.0875 0.18541666666666667