1 0.23828125 0.240625 0.0671875 0.18958333333333333
1 0.28359375 0.13020833333333334 0.053125 0.13125
1 0.36953125 0.20104166666666667 0.0484375 0.13333333333333333
1 0.446875 0.24375 0.04375 0.15208333333333332
1 0.459375 0.5072916666666667 0.071875 0.3
5 0.31328125 0.284375 0.0953125 0.18125
6 0.31328125 0.28854166666666664 0.0609375 0.13958333333333334
1 0.73046875 0.48333333333333334 0.0640625 0.25
5 0.6328125 0.6614583333333334 0.13125 0.26875
6 0.64765625 0.6791666666666667 0.0640625 0.16041666666666668
3 0.41171875 0.20416666666666666 0.059375 0.32708333333333334