3 0.51484375 0.6604166666666667 0.07421875 0.16458333333333333
6 0.62734375 0.6916666666666667 0.05234375 0.13854166666666667
6 0.21484375 0.159375 0.0546875 0.07395833333333333
6 0.48125 0.190625 0.0453125 0.09479166666666666
5 0.23125 0.2 0.10546875 0.19166666666666668
5 0.47421875 0.225 0.0859375 0.19895833333333332
5 0.63125 0.696875 0.1171875 0.22708333333333333
1 0.30390625 0.09583333333333334 0.0640625 0.1875
1 0.384375 0.18958333333333333 0.05234375 0.153125
1 0.31796875 0.2677083333333333 0.1015625 0.15
1 0.446875 0.47604166666666664 0.06875 0.2520833333333333
1 0.715625 0.49166666666666664 0.0875 0.275