6 0.23671875 0.12083333333333333 0.075 0.10625
6 0.5140625 0.17083333333333334 0.0625 0.10833333333333334
6 0.6125 0.7083333333333334 0.0765625 0.18333333333333332
3 0.50234375 0.65 0.075 0.16458333333333333
5 0.259375 0.159375 0.1109375 0.23333333333333334
5 0.490625 0.23229166666666667 0.1046875 0.22708333333333333
5 0.6078125 0.6854166666666667 0.1078125 0.18958333333333333
1 0.3328125 0.10729166666666666 0.078125 0.21458333333333332
1 0.40234375 0.18125 0.071875 0.17083333333333334
1 0.31796875 0.21666666666666667 0.1046875 0.16666666666666666
1 0.44765625 0.47604166666666664 0.0875 0.24583333333333332
1 0.71171875 0.5229166666666667 0.11875 0.3