3 0.22109375 0.20833333333333334 0.07421875 0.21354166666666666
1 0.25 0.22395833333333334 0.05 0.16875
1 0.2984375 0.10520833333333333 0.05703125 0.15208333333333332
1 0.37578125 0.19270833333333334 0.04765625 0.14791666666666667
5 0.32109375 0.26145833333333335 0.07265625 0.14895833333333333
6 0.315625 0.2635416666666667 0.0578125 0.10833333333333334
1 0.440625 0.21979166666666666 0.059375 0.19479166666666667
1 0.453125 0.4625 0.0421875 0.22083333333333333
1 0.7203125 0.48541666666666666 0.05703125 0.23958333333333334
5 0.63203125 0.7114583333333333 0.13515625 0.3385416666666667
6 0.63359375 0.7020833333333333 0.13203125 0.228125