6 0.2015625 0.190625 0.05 0.11666666666666667
6 0.47421875 0.18125 0.065625 0.09166666666666666
6 0.63515625 0.7020833333333333 0.0734375 0.16875
5 0.21953125 0.20416666666666666 0.1109375 0.225
5 0.4671875 0.22916666666666666 0.1 0.24375
5 0.62109375 0.6864583333333333 0.1390625 0.25416666666666665
1 0.28671875 0.12916666666666668 0.05 0.17291666666666666
1 0.36875 0.20208333333333334 0.0703125 0.1625
1 0.3015625 0.2604166666666667 0.090625 0.16041666666666668
1 0.44765625 0.5177083333333333 0.075 0.29583333333333334
1 0.71875 0.48125 0.084375 0.2625