6 0.24375 0.128125 0.05625 0.09583333333333334
6 0.51640625 0.18229166666666666 0.0546875 0.09791666666666667
6 0.33984375 0.25104166666666666 0.0796875 0.08333333333333333
6 0.61171875 0.7135416666666666 0.0796875 0.15208333333333332
5 0.25546875 0.16979166666666667 0.121875 0.225
5 0.3484375 0.23854166666666668 0.103125 0.12291666666666666
5 0.49921875 0.23125 0.109375 0.20833333333333334
5 0.6046875 0.7041666666666667 0.146875 0.25625
1 0.33515625 0.084375 0.0671875 0.16875
1 0.3984375 0.165625 0.0765625 0.18125
1 0.453125 0.4947916666666667 0.0875 0.3333333333333333
1 0.7125 0.5229166666666667 0.128125 0.27708333333333335