3 0.9453125 0.196875 0.10625 0.3125
1 0.7640625 0.21354166666666666 0.0515625 0.18333333333333332
1 0.6953125 0.08125 0.084375 0.13541666666666666
1 0.6125 0.178125 0.071875 0.14583333333333334
1 0.5328125 0.246875 0.0453125 0.16666666666666666
1 0.28046875 0.48125 0.05 0.20833333333333334
1 0.53984375 0.45729166666666665 0.1078125 0.19375
5 0.37734375 0.71875 0.184375 0.2875
6 0.371875 0.7270833333333333 0.115625 0.19166666666666668
5 0.678125 0.27291666666666664 0.1015625 0.16666666666666666
6 0.67890625 0.26145833333333335 0.0640625 0.13333333333333333