6 0.20859375 0.159375 0.06796875 0.096875
6 0.48828125 0.17083333333333334 0.0546875 0.10208333333333333
6 0.628125 0.6916666666666667 0.0640625 0.17604166666666668
3 0.5140625 0.6489583333333333 0.0625 0.15520833333333334
5 0.234375 0.19479166666666667 0.09375 0.221875
5 0.46953125 0.23541666666666666 0.0875 0.215625
5 0.621875 0.6697916666666667 0.0953125 0.178125
1 0.303125 0.13125 0.0625 0.21041666666666667
1 0.378125 0.196875 0.05859375 0.1625
1 0.296875 0.24375 0.09375 0.15520833333333334
1 0.44609375 0.48333333333333334 0.06875 0.23645833333333333
1 0.7125 0.49375 0.09609375 0.28958333333333336