3 0.75703125 0.12291666666666666 0.0546875 0.11875
6 0.6984375 0.30625 0.0796875 0.10416666666666667
6 0.54765625 0.18645833333333334 0.0609375 0.10208333333333333
6 0.340625 0.6989583333333333 0.08125 0.15208333333333332
5 0.70234375 0.30104166666666665 0.115625 0.1375
5 0.55234375 0.2604166666666667 0.1046875 0.25625
5 0.35390625 0.6770833333333334 0.1390625 0.2520833333333333
1 0.7125 0.14375 0.075 0.20625
1 0.63984375 0.19791666666666666 0.06875 0.16875
1 0.54921875 0.5072916666666667 0.0921875 0.31666666666666665
1 0.29609375 0.496875 0.1109375 0.2708333333333333
1 0.71953125 0.20520833333333333 0.04375 0.13958333333333334