1 0.26015625 0.21875 0.06015625 0.1875
1 0.31328125 0.090625 0.05625 0.1625
1 0.38125 0.18854166666666666 0.06015625 0.14583333333333334
3 0.259375 0.08958333333333333 0.05234375 0.090625
6 0.4828125 0.17708333333333334 0.053125 0.08541666666666667
6 0.64453125 0.725 0.0859375 0.134375
6 0.321875 0.290625 0.04921875 0.1
5 0.31484375 0.28229166666666666 0.09140625 0.12083333333333333
5 0.628125 0.715625 0.15 0.23125
5 0.46640625 0.23958333333333334 0.07578125 0.2708333333333333
1 0.4546875 0.50625 0.05078125 0.30833333333333335
1 0.7140625 0.49270833333333336 0.0953125 0.30520833333333336