3 0.1 0.2760416666666667 0.14765625 0.39791666666666664
1 0.228125 0.20416666666666666 0.07265625 0.20416666666666666
1 0.29296875 0.08229166666666667 0.0765625 0.13333333333333333
1 0.3796875 0.18333333333333332 0.07109375 0.134375
1 0.4734375 0.2125 0.14140625 0.17916666666666667
5 0.31640625 0.26979166666666665 0.0609375 0.14791666666666667
6 0.31484375 0.28229166666666666 0.03828125 0.08333333333333333
1 0.44453125 0.44895833333333335 0.0390625 0.278125
1 0.7140625 0.503125 0.059375 0.2604166666666667
5 0.61015625 0.7020833333333333 0.13359375 0.2833333333333333
6 0.615625 0.69375 0.08515625 0.18333333333333332