6 0.21484375 0.17395833333333333 0.04921875 0.11145833333333334
6 0.484375 0.175 0.046875 0.08541666666666667
6 0.6234375 0.6947916666666667 0.0796875 0.1625
5 0.22890625 0.196875 0.09375 0.22708333333333333
5 0.4765625 0.21458333333333332 0.09609375 0.21041666666666667
5 0.61875 0.684375 0.1078125 0.25729166666666664
1 0.29921875 0.1125 0.04921875 0.13645833333333332
1 0.38046875 0.190625 0.0625 0.15520833333333334
1 0.309375 0.259375 0.0796875 0.12916666666666668
1 0.4546875 0.53125 0.078125 0.321875
1 0.7046875 0.48125 0.08359375 0.2916666666666667