3 0.0296875 0.08229166666666667 0.059375 0.16458333333333333
3 0.528125 0.4041666666666667 0.1015625 0.48020833333333335
1 0.25078125 0.21666666666666667 0.075 0.1875
1 0.31640625 0.10520833333333333 0.0421875 0.14583333333333334
1 0.3859375 0.18854166666666666 0.059375 0.16041666666666668
1 0.45625 0.24479166666666666 0.04375 0.17395833333333333
5 0.3171875 0.26458333333333334 0.06328125 0.15833333333333333
6 0.31640625 0.275 0.04296875 0.109375
1 0.453125 0.459375 0.0453125 0.25729166666666664
1 0.6421875 0.6739583333333333 0.16171875 0.36666666666666664
1 0.7265625 0.49375 0.0578125 0.296875