3 0.02890625 0.09270833333333334 0.0578125 0.140625
3 0.44140625 0.225 0.0453125 0.2875
5 0.31640625 0.28020833333333334 0.084375 0.18229166666666666
6 0.309375 0.271875 0.05859375 0.11458333333333333
1 0.2265625 0.203125 0.084375 0.1875
1 0.28203125 0.08958333333333333 0.078125 0.128125
1 0.4546875 0.48854166666666665 0.04140625 0.21041666666666667
1 0.3703125 0.17395833333333333 0.0625 0.165625
1 0.7125 0.47291666666666665 0.06484375 0.2
5 0.62265625 0.7229166666666667 0.1609375 0.27291666666666664
6 0.62265625 0.7635416666666667 0.1453125 0.21145833333333333