6 0.79765625 0.17604166666666668 0.04375 0.08541666666666667
6 0.51953125 0.17395833333333333 0.0625 0.12083333333333333
6 0.36328125 0.7083333333333334 0.071875 0.15208333333333332
5 0.778125 0.196875 0.0953125 0.22916666666666666
5 0.525 0.215625 0.1171875 0.25833333333333336
5 0.36484375 0.6854166666666667 0.1375 0.27291666666666664
1 0.70703125 0.121875 0.0578125 0.20208333333333334
1 0.634375 0.20104166666666667 0.06875 0.16458333333333333
1 0.69453125 0.265625 0.0984375 0.14583333333333334
1 0.55234375 0.5197916666666667 0.084375 0.32916666666666666
1 0.28515625 0.4875 0.0953125 0.26666666666666666