3 0.059375 0.23541666666666666 0.11875 0.33645833333333336
1 0.23515625 0.20104166666666667 0.0703125 0.17708333333333334
1 0.2984375 0.08125 0.03984375 0.125
1 0.3875 0.18333333333333332 0.0625 0.14895833333333333
1 0.45390625 0.24479166666666666 0.05546875 0.21041666666666667
5 0.3171875 0.28854166666666664 0.07109375 0.196875
6 0.3125 0.27708333333333335 0.0625 0.12708333333333333
1 0.45234375 0.48333333333333334 0.04375 0.24791666666666667
1 0.71953125 0.46770833333333334 0.08515625 0.190625
5 0.6140625 0.70625 0.1328125 0.30625
6 0.6140625 0.6979166666666666 0.0859375 0.17083333333333334