6 0.53203125 0.18020833333333333 0.05 0.11041666666666666
6 0.6921875 0.290625 0.0546875 0.08541666666666667
6 0.34765625 0.6729166666666667 0.065625 0.15
5 0.36484375 0.66875 0.1625 0.31666666666666665
5 0.69296875 0.28541666666666665 0.08125 0.14791666666666667
5 0.5359375 0.215625 0.0984375 0.2875
1 0.715625 0.12395833333333334 0.059375 0.175
1 0.63515625 0.20104166666666667 0.06875 0.175
1 0.765625 0.24895833333333334 0.0640625 0.18333333333333332
1 0.28359375 0.48854166666666665 0.0796875 0.2833333333333333
1 0.54453125 0.5135416666666667 0.1109375 0.30833333333333335