3 0.0203125 0.175 0.040625 0.16666666666666666
1 0.22265625 0.22916666666666666 0.0921875 0.225
1 0.27890625 0.14375 0.09375 0.21458333333333332
1 0.365625 0.21770833333333334 0.071875 0.15
1 0.453125 0.24895833333333334 0.1203125 0.2791666666666667
5 0.2984375 0.325 0.096875 0.18125
6 0.30703125 0.32708333333333334 0.0734375 0.14791666666666667
1 0.69921875 0.42604166666666665 0.096875 0.31666666666666665
1 0.4671875 0.5072916666666667 0.06875 0.26666666666666666
5 0.6453125 0.6947916666666667 0.1375 0.3333333333333333
6 0.640625 0.6541666666666667 0.0953125 0.20625