3 0.575 0.08125 0.053125 0.1125
6 0.65546875 0.24166666666666667 0.05625 0.0875
6 0.378125 0.7114583333333333 0.06875 0.15208333333333332
5 0.39453125 0.7020833333333333 0.1703125 0.32083333333333336
5 0.65546875 0.23645833333333333 0.084375 0.15
1 0.490625 0.22916666666666666 0.10625 0.28958333333333336
1 0.65078125 0.08020833333333334 0.0640625 0.16041666666666668
1 0.58515625 0.16979166666666667 0.071875 0.17708333333333334
1 0.72109375 0.18020833333333333 0.06875 0.18541666666666667
1 0.28671875 0.5489583333333333 0.0875 0.28541666666666665
1 0.54609375 0.5010416666666667 0.1171875 0.3125