6 0.51484375 0.21041666666666667 0.078125 0.16666666666666666
1 0.27578125 0.15208333333333332 0.09375 0.22708333333333333
1 0.34375 0.096875 0.096875 0.19375
1 0.41640625 0.184375 0.0734375 0.15
5 0.50859375 0.22083333333333333 0.1234375 0.2791666666666667
5 0.3328125 0.26875 0.1 0.18333333333333332
6 0.34140625 0.27395833333333336 0.075 0.14791666666666667
1 0.70625 0.4875 0.1015625 0.31875
1 0.46640625 0.4979166666666667 0.071875 0.26666666666666666
5 0.60859375 0.7333333333333333 0.140625 0.33541666666666664
6 0.61171875 0.6927083333333334 0.0984375 0.20833333333333334