6 0.2296875 0.146875 0.0640625 0.0875
6 0.503125 0.18958333333333333 0.0515625 0.11875
6 0.31640625 0.25104166666666666 0.0578125 0.1
6 0.6234375 0.7083333333333334 0.065625 0.14375
5 0.24453125 0.18541666666666667 0.1109375 0.19166666666666668
5 0.325 0.2552083333333333 0.08125 0.16041666666666668
5 0.48515625 0.2375 0.121875 0.25833333333333336
5 0.62265625 0.721875 0.146875 0.26875
1 0.31484375 0.09375 0.0546875 0.15416666666666667
1 0.390625 0.18125 0.078125 0.17083333333333334
1 0.4484375 0.503125 0.0828125 0.3
1 0.71484375 0.5208333333333334 0.1015625 0.3