6 0.23125 0.16770833333333332 0.0703125 0.11875
6 0.32265625 0.27708333333333335 0.0609375 0.08958333333333333
6 0.4984375 0.1875 0.053125 0.09791666666666667
6 0.61953125 0.675 0.103125 0.13541666666666666
5 0.2421875 0.18541666666666667 0.10625 0.19583333333333333
5 0.47734375 0.22916666666666666 0.109375 0.2375
5 0.328125 0.2604166666666667 0.0890625 0.1625
5 0.6109375 0.6895833333333333 0.140625 0.22083333333333333
1 0.32109375 0.08958333333333333 0.0421875 0.15208333333333332
1 0.3859375 0.17604166666666668 0.0796875 0.16666666666666666
1 0.4484375 0.509375 0.075 0.33541666666666664
1 0.70703125 0.5135416666666667 0.1125 0.3