6 0.76171875 0.11354166666666667 0.0578125 0.11458333333333333
6 0.66640625 0.24166666666666667 0.046875 0.0875
6 0.484375 0.17916666666666667 0.05625 0.10208333333333333
6 0.384375 0.7291666666666666 0.0734375 0.14375
5 0.74140625 0.15104166666666666 0.128125 0.25625
5 0.496875 0.22083333333333333 0.1203125 0.24375
5 0.6703125 0.225 0.078125 0.1375
5 0.4015625 0.7197916666666667 0.1578125 0.26666666666666666
1 0.66640625 0.08229166666666667 0.0546875 0.16458333333333333
1 0.59453125 0.175 0.065625 0.18541666666666667
1 0.5484375 0.521875 0.0828125 0.3020833333333333
1 0.29140625 0.525 0.0875 0.26666666666666666