3 0.05078125 0.20729166666666668 0.1015625 0.3104166666666667
1 0.23203125 0.21979166666666666 0.04921875 0.18125
1 0.29921875 0.08541666666666667 0.08203125 0.134375
1 0.38359375 0.18125 0.07109375 0.14375
1 0.4640625 0.24791666666666667 0.04375 0.16666666666666666
1 0.71953125 0.47604166666666664 0.04765625 0.20625
1 0.459375 0.4583333333333333 0.10546875 0.19166666666666668
5 0.62578125 0.715625 0.18046875 0.2833333333333333
6 0.63125 0.7239583333333334 0.1125 0.190625
5 0.31875 0.27708333333333335 0.1 0.16458333333333333
6 0.31796875 0.265625 0.0625 0.13229166666666667