1 0.31015625 0.09791666666666667 0.0546875 0.14791666666666667
1 0.3890625 0.19166666666666668 0.0703125 0.17916666666666667
1 0.31953125 0.25 0.075 0.15416666666666667
1 0.4515625 0.515625 0.08125 0.30625
1 0.71015625 0.5197916666666667 0.0859375 0.2791666666666667
6 0.2234375 0.146875 0.053125 0.09375
6 0.4953125 0.16666666666666666 0.04375 0.09375
6 0.64296875 0.6958333333333333 0.08125 0.17916666666666667
5 0.23984375 0.17916666666666667 0.10625 0.25416666666666665
5 0.47890625 0.24791666666666667 0.0890625 0.23333333333333334
5 0.62890625 0.7083333333333334 0.13125 0.28958333333333336