3 0.05234375 0.165625 0.0984375 0.275
1 0.24140625 0.21875 0.0625 0.21875
1 0.3078125 0.09375 0.078125 0.13125
1 0.3796875 0.19375 0.0765625 0.17916666666666667
1 0.453125 0.259375 0.071875 0.19375
5 0.321875 0.2947916666666667 0.0625 0.20208333333333334
6 0.3171875 0.278125 0.040625 0.08333333333333333
1 0.45859375 0.5197916666666667 0.0953125 0.27708333333333335
1 0.703125 0.48333333333333334 0.06875 0.25416666666666665
5 0.63828125 0.7364583333333333 0.1546875 0.30833333333333335
6 0.6375 0.721875 0.1265625 0.17708333333333334