6 0.79453125 0.18020833333333333 0.0484375 0.11458333333333333
6 0.5125 0.18333333333333332 0.0578125 0.09375
6 0.68984375 0.2791666666666667 0.0734375 0.11041666666666666
6 0.3703125 0.6989583333333333 0.078125 0.16875
5 0.76953125 0.17916666666666667 0.09375 0.23541666666666666
5 0.6859375 0.2604166666666667 0.065625 0.11875
5 0.5453125 0.225 0.09375 0.22083333333333333
5 0.3796875 0.6677083333333333 0.11875 0.2625
1 0.7 0.11770833333333333 0.053125 0.16458333333333333
1 0.63203125 0.20833333333333334 0.05625 0.17291666666666666
1 0.55234375 0.5135416666666667 0.0875 0.3875
1 0.28828125 0.4864583333333333 0.103125 0.30833333333333335