3 0.26953125 0.746875 0.15625 0.20104166666666667
1 0.4515625 0.50625 0.06484375 0.33541666666666664
6 0.6390625 0.69375 0.06484375 0.16458333333333333
6 0.215625 0.15520833333333334 0.04296875 0.08333333333333333
6 0.48515625 0.16354166666666667 0.040625 0.08541666666666667
1 0.29921875 0.09375 0.0546875 0.16458333333333333
1 0.37734375 0.18333333333333332 0.0625 0.19895833333333332
1 0.71484375 0.49895833333333334 0.07265625 0.275
5 0.46484375 0.225 0.078125 0.25416666666666665
5 0.23046875 0.17916666666666667 0.0859375 0.16458333333333333
1 0.31328125 0.25416666666666665 0.07421875 0.1625
5 0.62578125 0.7104166666666667 0.1265625 0.29583333333333334