3 0.27421875 0.08958333333333333 0.0453125 0.11354166666666667
6 0.31796875 0.2791666666666667 0.07265625 0.09479166666666666
6 0.47734375 0.18125 0.053125 0.09479166666666666
6 0.64296875 0.7197916666666667 0.0703125 0.14375
5 0.3140625 0.27395833333333336 0.10546875 0.12291666666666666
5 0.46640625 0.25416666666666665 0.0859375 0.24583333333333332
5 0.63125 0.696875 0.12109375 0.23645833333333333
1 0.31640625 0.115625 0.06015625 0.19895833333333332
1 0.384375 0.18020833333333333 0.05703125 0.1625
1 0.45078125 0.5 0.06796875 0.3104166666666667
1 0.703125 0.525 0.09140625 0.259375
1 0.3046875 0.17604166666666668 0.03359375 0.134375