6 0.2171875 0.16041666666666668 0.0609375 0.08125
6 0.4890625 0.18125 0.04296875 0.07604166666666666
6 0.6359375 0.6979166666666666 0.0796875 0.14583333333333334
5 0.2171875 0.18958333333333333 0.11171875 0.18541666666666667
5 0.475 0.23854166666666668 0.0921875 0.240625
5 0.63203125 0.6916666666666667 0.15 0.2635416666666667
1 0.30234375 0.10625 0.04921875 0.153125
1 0.378125 0.196875 0.0640625 0.18541666666666667
1 0.4515625 0.5197916666666667 0.07265625 0.34479166666666666
1 0.7140625 0.48854166666666665 0.1 0.26875
1 0.31171875 0.271875 0.08203125 0.159375