3 0.528125 0.28229166666666666 0.0671875 0.12708333333333333
6 0.22734375 0.14166666666666666 0.05 0.11875
6 0.49765625 0.16458333333333333 0.04375 0.09791666666666667
6 0.61484375 0.728125 0.078125 0.13333333333333333
5 0.2453125 0.16145833333333334 0.10625 0.24791666666666667
5 0.4796875 0.228125 0.075 0.23541666666666666
5 0.6109375 0.7354166666666667 0.1328125 0.25625
1 0.3140625 0.06875 0.0625 0.1375
1 0.39375 0.17708333333333334 0.065625 0.16666666666666666
1 0.325 0.23541666666666666 0.0875 0.16041666666666668
1 0.44609375 0.496875 0.075 0.26875
1 0.7171875 0.50625 0.0875 0.2520833333333333