6 0.2265625 0.16458333333333333 0.03671875 0.10625
6 0.3125 0.2677083333333333 0.05234375 0.071875
6 0.4953125 0.18125 0.0484375 0.11354166666666667
6 0.6265625 0.7052083333333333 0.0640625 0.178125
5 0.24296875 0.21458333333333332 0.0796875 0.22916666666666666
5 0.315625 0.24166666666666667 0.06875 0.13645833333333332
5 0.47578125 0.25 0.10546875 0.25416666666666665
5 0.62265625 0.696875 0.125 0.25
1 0.30390625 0.1125 0.053125 0.1875
1 0.38046875 0.17916666666666667 0.07578125 0.1875
1 0.44375 0.5197916666666667 0.07421875 0.30833333333333335
1 0.7125 0.5041666666666667 0.071875 0.278125