6 0.21640625 0.16875 0.05234375 0.08333333333333333
6 0.48984375 0.1625 0.04140625 0.11145833333333334
6 0.63359375 0.7145833333333333 0.0765625 0.16458333333333333
3 0.4578125 0.19166666666666668 0.04296875 0.09270833333333334
1 0.2890625 0.0875 0.0546875 0.175
1 0.378125 0.18333333333333332 0.0609375 0.18020833333333333
1 0.31484375 0.2604166666666667 0.08359375 0.13645833333333332
1 0.4359375 0.5333333333333333 0.1078125 0.38229166666666664
1 0.7125 0.49270833333333336 0.09375 0.259375
5 0.23671875 0.19791666666666666 0.09921875 0.19166666666666668
5 0.4828125 0.209375 0.084375 0.196875
5 0.60703125 0.6979166666666666 0.12734375 0.284375