6 0.240625 0.13229166666666667 0.0609375 0.09166666666666666
6 0.33515625 0.19479166666666667 0.0578125 0.08958333333333333
6 0.521875 0.17916666666666667 0.0671875 0.1
6 0.6265625 0.7302083333333333 0.09375 0.17916666666666667
5 0.24921875 0.16875 0.11875 0.24166666666666667
5 0.33515625 0.2125 0.0890625 0.2
5 0.50390625 0.20833333333333334 0.1265625 0.22708333333333333
5 0.62265625 0.725 0.153125 0.34375
1 0.4 0.16770833333333332 0.0734375 0.17708333333333334
1 0.32265625 0.06770833333333333 0.0578125 0.12291666666666666
1 0.46015625 0.5197916666666667 0.0890625 0.2833333333333333
1 0.7109375 0.5135416666666667 0.0875 0.25416666666666665