3 0.93046875 0.14791666666666667 0.1203125 0.29583333333333334
1 0.73984375 0.20208333333333334 0.0796875 0.17291666666666666
1 0.6703125 0.07395833333333333 0.05 0.14791666666666667
1 0.60546875 0.15833333333333333 0.0625 0.18333333333333332
1 0.5421875 0.5177083333333333 0.0796875 0.28541666666666665
5 0.6703125 0.253125 0.08125 0.17916666666666667
5 0.396875 0.7166666666666667 0.15625 0.3125
1 0.5578125 0.24375 0.0578125 0.17916666666666667
3 0.49296875 0.13229166666666667 0.04375 0.07708333333333334
6 0.67421875 0.2625 0.0640625 0.10625
6 0.3890625 0.7302083333333333 0.1015625 0.20625
1 0.28046875 0.525 0.1171875 0.2833333333333333