1 0.3125 0.07291666666666667 0.04140625 0.14166666666666666
1 0.25078125 0.19375 0.05078125 0.18333333333333332
1 0.384375 0.18854166666666666 0.05859375 0.15
1 0.4671875 0.49895833333333334 0.0484375 0.26145833333333335
1 0.73125 0.4822916666666667 0.0640625 0.30833333333333335
6 0.49609375 0.17708333333333334 0.04140625 0.1
6 0.321875 0.28125 0.06875 0.08125
6 0.634375 0.7114583333333333 0.08359375 0.19166666666666668
5 0.32734375 0.28958333333333336 0.08203125 0.153125
5 0.4828125 0.24791666666666667 0.0953125 0.2635416666666667
5 0.62734375 0.7083333333333334 0.15625 0.365625