6 0.23671875 0.13229166666666667 0.0546875 0.1125
6 0.51640625 0.184375 0.059375 0.09375
6 0.61328125 0.7291666666666666 0.0875 0.15833333333333333
6 0.3375 0.24479166666666666 0.05 0.08958333333333333
5 0.2578125 0.159375 0.1171875 0.24375
5 0.34453125 0.246875 0.0765625 0.12708333333333333
5 0.4890625 0.23854166666666668 0.0984375 0.23541666666666666
5 0.61015625 0.71875 0.1296875 0.24375
1 0.33828125 0.09166666666666666 0.0671875 0.18333333333333332
1 0.40703125 0.165625 0.08125 0.20208333333333334
1 0.45234375 0.50625 0.084375 0.3229166666666667
1 0.7078125 0.5375 0.1359375 0.3145833333333333