6 0.23515625 0.1375 0.0484375 0.09583333333333334
6 0.325 0.2708333333333333 0.0625 0.10208333333333333
6 0.5078125 0.17708333333333334 0.0578125 0.11666666666666667
6 0.6171875 0.6989583333333333 0.0734375 0.18125
5 0.2515625 0.18541666666666667 0.1046875 0.22291666666666668
5 0.49296875 0.22708333333333333 0.1046875 0.22291666666666668
5 0.33203125 0.23645833333333333 0.0796875 0.1375
5 0.60390625 0.7083333333333334 0.134375 0.19791666666666666
1 0.4578125 0.5104166666666666 0.0765625 0.28958333333333336
1 0.32109375 0.078125 0.0453125 0.15625
1 0.39296875 0.17708333333333334 0.0796875 0.17291666666666666
1 0.703125 0.5291666666666667 0.121875 0.2833333333333333