1 0.2515625 0.18333333333333332 0.090625 0.1625
1 0.31640625 0.08645833333333333 0.0640625 0.17291666666666666
1 0.403125 0.16979166666666667 0.0703125 0.17708333333333334
5 0.33359375 0.26145833333333335 0.075 0.15833333333333333
6 0.3359375 0.284375 0.046875 0.06875
1 0.4859375 0.21145833333333333 0.1046875 0.30833333333333335
1 0.4640625 0.5291666666666667 0.06875 0.30625
1 0.71875 0.51875 0.0734375 0.2791666666666667
5 0.6171875 0.6958333333333333 0.1234375 0.24583333333333332
3 0.34375 0.1 0.08125 0.13541666666666666
6 0.63359375 0.7104166666666667 0.0625 0.15208333333333332