1 0.29921875 0.11354166666666667 0.04921875 0.1625
1 0.3796875 0.19375 0.06875 0.178125
1 0.3109375 0.25729166666666664 0.09375 0.14375
1 0.4546875 0.5145833333333333 0.0859375 0.2989583333333333
1 0.7140625 0.5145833333333333 0.084375 0.28958333333333336
6 0.2171875 0.175 0.053125 0.08541666666666667
6 0.490625 0.17604166666666668 0.0640625 0.09270833333333334
6 0.6328125 0.7010416666666667 0.08046875 0.12916666666666668
5 0.22734375 0.18854166666666666 0.103125 0.19166666666666668
5 0.4765625 0.23958333333333334 0.0859375 0.21979166666666666
5 0.63125 0.6916666666666667 0.13671875 0.25416666666666665