6 0.21328125 0.15 0.03671875 0.10625
6 0.484375 0.16875 0.0546875 0.096875
6 0.6375 0.7 0.06875 0.12708333333333333
3 0.5125 0.653125 0.0875 0.14375
5 0.234375 0.19479166666666667 0.09375 0.21770833333333334
5 0.478125 0.23854166666666668 0.1015625 0.25
5 0.615625 0.6833333333333333 0.12265625 0.20833333333333334
1 0.30625 0.12291666666666666 0.06015625 0.17604166666666668
1 0.36875 0.19583333333333333 0.06640625 0.16875
1 0.3140625 0.259375 0.07265625 0.134375
1 0.44921875 0.46770833333333334 0.078125 0.20833333333333334
1 0.71640625 0.48125 0.078125 0.278125