6 0.5015625 0.178125 0.046875 0.10833333333333334
6 0.33125 0.25625 0.0515625 0.08333333333333333
6 0.6328125 0.6989583333333333 0.0625 0.14791666666666667
5 0.61640625 0.6916666666666667 0.15625 0.3104166666666667
5 0.33125 0.25104166666666666 0.0765625 0.14375
5 0.49375 0.21145833333333333 0.0921875 0.2833333333333333
1 0.32578125 0.0875 0.0546875 0.175
1 0.39765625 0.17916666666666667 0.0640625 0.17291666666666666
1 0.26328125 0.20208333333333334 0.059375 0.18125
1 0.715625 0.528125 0.0734375 0.28125
1 0.4546875 0.5052083333333334 0.103125 0.30625