1 0.3 0.10729166666666666 0.05078125 0.14583333333333334
1 0.38125 0.196875 0.06640625 0.17604166666666668
1 0.31328125 0.25833333333333336 0.071875 0.15
1 0.45234375 0.5177083333333333 0.07421875 0.303125
1 0.7109375 0.5104166666666666 0.078125 0.275
6 0.2140625 0.16041666666666668 0.05078125 0.090625
6 0.48671875 0.16666666666666666 0.04140625 0.09270833333333334
6 0.64765625 0.6895833333333333 0.0765625 0.17604166666666668
5 0.23125 0.19166666666666668 0.1 0.25
5 0.47265625 0.24895833333333334 0.08359375 0.22916666666666666
5 0.634375 0.7020833333333333 0.1234375 0.284375