6 0.2140625 0.16979166666666667 0.0453125 0.11354166666666667
6 0.48671875 0.18020833333333333 0.0625 0.0875
6 0.62734375 0.7114583333333333 0.06796875 0.16458333333333333
5 0.23125 0.18541666666666667 0.103125 0.21770833333333334
5 0.478125 0.22708333333333333 0.08984375 0.23645833333333333
5 0.61328125 0.6947916666666667 0.13046875 0.24583333333333332
1 0.3015625 0.11458333333333333 0.04296875 0.16875
1 0.38046875 0.19375 0.06484375 0.159375
1 0.3109375 0.246875 0.08359375 0.15520833333333334
1 0.446875 0.5135416666666667 0.0640625 0.2916666666666667
1 0.71953125 0.496875 0.07421875 0.25729166666666664