6 0.23828125 0.11979166666666667 0.059375 0.1375
6 0.50234375 0.16666666666666666 0.046875 0.09375
6 0.61328125 0.7052083333333333 0.0828125 0.1375
3 0.490625 0.5989583333333334 0.0796875 0.13333333333333333
5 0.25546875 0.140625 0.1015625 0.23125
5 0.4921875 0.23333333333333334 0.0984375 0.225
1 0.32734375 0.090625 0.0796875 0.18125
1 0.40859375 0.18541666666666667 0.071875 0.15833333333333333
1 0.32890625 0.23229166666666667 0.096875 0.15208333333333332
1 0.43984375 0.446875 0.0796875 0.17916666666666667
1 0.71640625 0.5177083333333333 0.0953125 0.27291666666666664