6 0.7625 0.11770833333333333 0.04375 0.11041666666666666
6 0.49375 0.16770833333333332 0.0609375 0.10208333333333333
6 0.37578125 0.715625 0.0765625 0.13333333333333333
3 0.49765625 0.6541666666666667 0.096875 0.15416666666666667
5 0.74453125 0.16458333333333333 0.1078125 0.22916666666666666
5 0.5046875 0.2375 0.1171875 0.2604166666666667
5 0.396875 0.6958333333333333 0.1359375 0.22083333333333333
1 0.66875 0.10208333333333333 0.0703125 0.18125
1 0.6109375 0.18125 0.0765625 0.175
1 0.66953125 0.23854166666666668 0.08125 0.14375
1 0.5484375 0.46145833333333336 0.0921875 0.21666666666666667
1 0.2828125 0.50625 0.0953125 0.2875