6 0.209375 0.15833333333333333 0.04296875 0.071875
6 0.4890625 0.17395833333333333 0.0453125 0.115625
6 0.6265625 0.6916666666666667 0.05625 0.12916666666666668
3 0.52578125 0.675 0.05234375 0.17395833333333333
1 0.28984375 0.10625 0.05625 0.15729166666666666
1 0.3796875 0.20520833333333333 0.05859375 0.15520833333333334
1 0.3 0.253125 0.0796875 0.13645833333333332
1 0.44453125 0.465625 0.05859375 0.2125
1 0.7171875 0.490625 0.084375 0.24583333333333332
5 0.22734375 0.18645833333333334 0.103125 0.178125
5 0.48125 0.20625 0.10546875 0.25416666666666665
5 0.61796875 0.6885416666666667 0.1078125 0.23854166666666668