6 0.21328125 0.1625 0.04140625 0.0875
6 0.4875 0.17395833333333333 0.05859375 0.07916666666666666
6 0.63515625 0.7020833333333333 0.0625 0.159375
5 0.2328125 0.19375 0.0953125 0.22916666666666666
5 0.47734375 0.225 0.09765625 0.2125
5 0.6265625 0.684375 0.1171875 0.26666666666666666
1 0.303125 0.11041666666666666 0.05078125 0.17395833333333333
1 0.3765625 0.196875 0.0625 0.17083333333333334
1 0.30703125 0.2520833333333333 0.09609375 0.13854166666666667
1 0.4546875 0.51875 0.071875 0.278125
1 0.71640625 0.490625 0.07265625 0.2875