3 0.48203125 0.640625 0.0984375 0.17083333333333334
6 0.35703125 0.6989583333333333 0.0734375 0.18958333333333333
6 0.7984375 0.21354166666666666 0.078125 0.1375
6 0.52734375 0.17708333333333334 0.075 0.11041666666666666
1 0.71875 0.125 0.075 0.17916666666666667
1 0.63515625 0.20625 0.0640625 0.18541666666666667
1 0.70234375 0.2760416666666667 0.090625 0.15208333333333332
1 0.55 0.471875 0.075 0.20416666666666666
1 0.28671875 0.44583333333333336 0.0765625 0.275
5 0.7953125 0.22708333333333333 0.125 0.18541666666666667
5 0.53984375 0.21145833333333333 0.109375 0.24166666666666667
5 0.3640625 0.6760416666666667 0.115625 0.23333333333333334