6 0.2109375 0.1625 0.04140625 0.08333333333333333
6 0.4890625 0.17291666666666666 0.05859375 0.11770833333333333
6 0.63125 0.7145833333333333 0.06796875 0.15
5 0.2296875 0.184375 0.08984375 0.225
5 0.4828125 0.21458333333333332 0.1109375 0.2520833333333333
5 0.63046875 0.6916666666666667 0.13046875 0.26875
1 0.303125 0.1125 0.053125 0.20104166666666667
1 0.3734375 0.19479166666666667 0.0640625 0.1625
1 0.31171875 0.25625 0.0953125 0.14166666666666666
1 0.446875 0.5177083333333333 0.0765625 0.3260416666666667
1 0.71484375 0.4979166666666667 0.08828125 0.2635416666666667