6 0.796875 0.17291666666666666 0.0484375 0.10416666666666667
6 0.5234375 0.17395833333333333 0.05 0.08958333333333333
6 0.371875 0.690625 0.0828125 0.16041666666666668
5 0.78125 0.21458333333333332 0.1125 0.225
5 0.5390625 0.221875 0.0875 0.20833333333333334
5 0.3703125 0.6822916666666666 0.125 0.23541666666666666
1 0.7015625 0.140625 0.0578125 0.17291666666666666
1 0.6265625 0.20416666666666666 0.0640625 0.17916666666666667
1 0.69921875 0.265625 0.0828125 0.11666666666666667
1 0.54765625 0.51875 0.0875 0.3125
1 0.2890625 0.48333333333333334 0.084375 0.27291666666666664