1 0.24375 0.19479166666666667 0.08671875 0.15833333333333333
1 0.30625 0.090625 0.06015625 0.18125
1 0.39453125 0.175 0.065625 0.17395833333333333
5 0.32734375 0.26979166666666665 0.0703125 0.15520833333333334
6 0.33046875 0.2916666666666667 0.04609375 0.06666666666666667
5 0.4890625 0.23020833333333332 0.09609375 0.30416666666666664
1 0.46484375 0.53125 0.0609375 0.30416666666666664
1 0.71875 0.5083333333333333 0.065625 0.27708333333333335
5 0.621875 0.690625 0.1171875 0.240625
6 0.49296875 0.17395833333333333 0.06875 0.12083333333333333
6 0.6328125 0.6635416666666667 0.06015625 0.16458333333333333