6 0.209375 0.17708333333333334 0.05859375 0.09479166666666666
6 0.490625 0.16770833333333332 0.05859375 0.08125
6 0.63359375 0.696875 0.0640625 0.19479166666666667
6 0.31328125 0.275 0.0453125 0.06458333333333334
5 0.228125 0.21458333333333332 0.1078125 0.24270833333333333
5 0.321875 0.25625 0.0703125 0.11770833333333333
5 0.47421875 0.23125 0.09609375 0.21770833333333334
5 0.6265625 0.690625 0.1078125 0.24270833333333333
1 0.29921875 0.10625 0.046875 0.17604166666666668
1 0.3765625 0.1875 0.06640625 0.16666666666666666
1 0.45078125 0.503125 0.05703125 0.30833333333333335
1 0.721875 0.48541666666666666 0.0765625 0.275