6 0.209375 0.165625 0.040625 0.09479166666666666
6 0.4828125 0.17916666666666667 0.06015625 0.06666666666666667
6 0.6359375 0.690625 0.0609375 0.15520833333333334
5 0.2296875 0.215625 0.10546875 0.21770833333333334
5 0.47578125 0.23125 0.0953125 0.240625
5 0.6234375 0.6947916666666667 0.125 0.25416666666666665
1 0.29921875 0.09166666666666666 0.04453125 0.12708333333333333
1 0.37890625 0.19583333333333333 0.0703125 0.18333333333333332
1 0.3125 0.23541666666666666 0.09375 0.17395833333333333
1 0.44765625 0.5177083333333333 0.07578125 0.28958333333333336
1 0.721875 0.4979166666666667 0.06875 0.23125