6 0.21796875 0.16354166666666667 0.0609375 0.09791666666666667
6 0.49921875 0.16770833333333332 0.0609375 0.08333333333333333
6 0.628125 0.703125 0.06875 0.19791666666666666
6 0.31953125 0.26666666666666666 0.046875 0.06666666666666667
5 0.2359375 0.20208333333333334 0.1140625 0.24791666666666667
5 0.328125 0.24791666666666667 0.071875 0.12083333333333333
5 0.48125 0.23020833333333332 0.1015625 0.22083333333333333
5 0.621875 0.696875 0.115625 0.24791666666666667
1 0.309375 0.096875 0.0515625 0.17708333333333334
1 0.38515625 0.18229166666666666 0.0703125 0.16875
1 0.45078125 0.5010416666666667 0.065625 0.3104166666666667
1 0.721875 0.49583333333333335 0.0828125 0.2791666666666667