3 0.53046875 0.25104166666666666 0.05 0.07916666666666666
6 0.79453125 0.19270833333333334 0.05625 0.08333333333333333
6 0.5203125 0.18125 0.0453125 0.1
6 0.3609375 0.696875 0.075 0.18333333333333332
1 0.709375 0.2635416666666667 0.059375 0.1625
1 0.71640625 0.115625 0.046875 0.12083333333333333
1 0.6390625 0.19270833333333334 0.059375 0.13333333333333333
1 0.53828125 0.503125 0.078125 0.30416666666666664
1 0.29140625 0.471875 0.0734375 0.25416666666666665
5 0.78984375 0.19583333333333333 0.1203125 0.225
5 0.53984375 0.221875 0.10625 0.2604166666666667
5 0.36875 0.6927083333333334 0.140625 0.25625