6 0.20703125 0.16041666666666668 0.0390625 0.12083333333333333
6 0.46953125 0.171875 0.046875 0.10208333333333333
6 0.6265625 0.6916666666666667 0.075 0.17291666666666666
5 0.2203125 0.19270833333333334 0.115625 0.23541666666666666
5 0.45234375 0.24166666666666667 0.084375 0.2375
5 0.6296875 0.6958333333333333 0.1375 0.24375
1 0.29296875 0.1125 0.0546875 0.20833333333333334
1 0.3703125 0.19583333333333333 0.0765625 0.17083333333333334
1 0.30546875 0.25833333333333336 0.078125 0.16875
1 0.4453125 0.49166666666666664 0.071875 0.24166666666666667
1 0.71328125 0.4979166666666667 0.075 0.2875
3 0.52109375 0.6510416666666666 0.05625 0.13958333333333334