6 0.225 0.18645833333333334 0.0453125 0.10833333333333334
6 0.31796875 0.271875 0.04453125 0.08541666666666667
6 0.49375 0.18020833333333333 0.0703125 0.0875
6 0.63125 0.7114583333333333 0.0796875 0.178125
5 0.24140625 0.20208333333333334 0.0921875 0.1875
5 0.478125 0.22604166666666667 0.09609375 0.196875
5 0.31796875 0.26145833333333335 0.07265625 0.134375
5 0.6109375 0.675 0.1171875 0.20104166666666667
1 0.309375 0.12395833333333334 0.053125 0.19166666666666668
1 0.3796875 0.2 0.0609375 0.1875
1 0.44609375 0.5041666666666667 0.06875 0.32916666666666666
1 0.70625 0.5041666666666667 0.0953125 0.29583333333333334