6 0.21875 0.15625 0.04375 0.07916666666666666
6 0.48984375 0.16458333333333333 0.0578125 0.10416666666666667
6 0.6265625 0.684375 0.109375 0.17708333333333334
5 0.2390625 0.215625 0.084375 0.21875
5 0.471875 0.23020833333333332 0.090625 0.21875
5 0.62421875 0.7041666666666667 0.134375 0.24583333333333332
1 0.3015625 0.090625 0.046875 0.12916666666666668
1 0.3765625 0.18541666666666667 0.053125 0.1625
1 0.30859375 0.25625 0.0765625 0.14583333333333334
1 0.4546875 0.521875 0.078125 0.30833333333333335
1 0.725 0.4979166666666667 0.08125 0.2833333333333333