1 0.29296875 0.08125 0.0390625 0.134375
1 0.3796875 0.19166666666666668 0.071875 0.1625
1 0.30546875 0.25104166666666666 0.07421875 0.13229166666666667
1 0.46015625 0.5072916666666667 0.0640625 0.27291666666666664
1 0.7203125 0.48854166666666665 0.06796875 0.28229166666666666
6 0.22265625 0.1625 0.04453125 0.115625
6 0.49140625 0.18541666666666667 0.053125 0.09270833333333334
6 0.6390625 0.7020833333333333 0.06875 0.14166666666666666
3 0.509375 0.33541666666666664 0.0765625 0.125
5 0.2265625 0.18020833333333333 0.09140625 0.23125
5 0.4765625 0.22083333333333333 0.09921875 0.28958333333333336
5 0.634375 0.690625 0.1328125 0.22916666666666666