3 0.24609375 0.325 0.1359375 0.42916666666666664
3 0.28515625 0.14479166666666668 0.0609375 0.23958333333333334
1 0.64375 0.7770833333333333 0.13125 0.44583333333333336
1 0.82578125 0.490625 0.1171875 0.21875
1 0.65078125 0.39479166666666665 0.0890625 0.27291666666666664
1 0.84609375 0.25729166666666664 0.0703125 0.20208333333333334
1 0.215625 0.08229166666666667 0.053125 0.14166666666666666
1 0.11328125 0.17604166666666668 0.0921875 0.16458333333333333
1 0.31328125 0.20729166666666668 0.0609375 0.09791666666666667
6 0.57265625 0.09895833333333333 0.0390625 0.09791666666666667
6 0.72734375 0.23645833333333333 0.0515625 0.09375
5 0.96796875 0.221875 0.0640625 0.16666666666666666
6 0.9734375 0.240625 0.034375 0.14375
5 0.7390625 0.2833333333333333 0.065625 0.22916666666666666
5 0.56875 0.125 0.0625 0.20416666666666666