3 0.85546875 0.16666666666666666 0.0484375 0.09583333333333334
3 0.6875 0.06458333333333334 0.04296875 0.12395833333333334
3 0.39453125 0.14791666666666667 0.05390625 0.09895833333333333
6 0.59765625 0.296875 0.065625 0.10833333333333334
6 0.54296875 0.11458333333333333 0.03984375 0.08854166666666667
6 0.97109375 0.25 0.046875 0.11145833333333334
1 0.6203125 0.7270833333333333 0.06640625 0.3489583333333333
1 0.6765625 0.34479166666666666 0.05859375 0.19479166666666667
1 0.79921875 0.2520833333333333 0.0640625 0.23229166666666667
1 0.8296875 0.49375 0.153125 0.21458333333333332
1 0.08984375 0.18229166666666666 0.10390625 0.18645833333333334
1 0.19921875 0.1 0.0640625 0.17395833333333333
1 0.30078125 0.18020833333333333 0.046875 0.17395833333333333
5 0.5375 0.13125 0.0640625 0.15625
5 0.61328125 0.38333333333333336 0.1375 0.2875
5 0.95 0.26145833333333335 0.09921875 0.12916666666666668