3 0.04921875 0.28541666666666665 0.08671875 0.17708333333333334
3 0.0546875 0.159375 0.109375 0.09583333333333334
6 0.303125 0.10625 0.0328125 0.07083333333333333
6 0.79765625 0.19270833333333334 0.0328125 0.09375
6 0.98046875 0.24583333333333332 0.03828125 0.10833333333333334
6 0.72265625 0.228125 0.05859375 0.07291666666666667
1 0.1109375 0.19270833333333334 0.05078125 0.11875
1 0.20703125 0.10625 0.065625 0.16145833333333334
1 0.61640625 0.7916666666666666 0.125 0.39166666666666666
1 0.83046875 0.49895833333333334 0.10625 0.23958333333333334
1 0.65234375 0.3927083333333333 0.08203125 0.28020833333333334
1 0.55234375 0.16145833333333334 0.05703125 0.12083333333333333
5 0.3140625 0.15104166666666666 0.0625 0.18645833333333334
5 0.73203125 0.315625 0.078125 0.2875
5 0.8078125 0.24375 0.07265625 0.21458333333333332
5 0.96015625 0.25 0.0796875 0.17708333333333334