1 0.90234375 0.17604166666666668 0.0703125 0.18541666666666667
1 0.78671875 0.090625 0.0515625 0.15208333333333332
1 0.6796875 0.171875 0.053125 0.16666666666666666
1 0.3734375 0.778125 0.06875 0.36666666666666664
1 0.18046875 0.49166666666666664 0.0859375 0.21666666666666667
1 0.04375 0.26145833333333335 0.059375 0.10625
1 0.1578125 0.23854166666666668 0.059375 0.21041666666666667
5 0.4078125 0.33229166666666665 0.134375 0.16875
5 0.27421875 0.31979166666666664 0.1171875 0.2833333333333333
5 0.43984375 0.11875 0.0578125 0.18333333333333332
6 0.4109375 0.3177083333333333 0.065625 0.08541666666666667
6 0.27265625 0.22604166666666667 0.0890625 0.09791666666666667
6 0.4328125 0.0875 0.03125 0.07916666666666666
3 0.57421875 0.04895833333333333 0.0390625 0.08125
3 0.50703125 0.03854166666666667 0.0296875 0.07708333333333334
3 0.2390625 0.10833333333333334 0.059375 0.11666666666666667