3 0.36640625 0.35 0.065625 0.13854166666666667
3 0.3234375 0.046875 0.0328125 0.09375
6 0.703125 0.22083333333333333 0.0453125 0.08854166666666667
6 0.54296875 0.10104166666666667 0.03125 0.065625
6 0.28984375 0.090625 0.03125 0.07083333333333333
5 0.290625 0.14479166666666668 0.0640625 0.21979166666666666
5 0.69921875 0.3020833333333333 0.0640625 0.21979166666666666
5 0.53984375 0.13229166666666667 0.0484375 0.14375
1 0.08671875 0.16770833333333332 0.0625 0.12395833333333334
1 0.196875 0.12916666666666668 0.06953125 0.18229166666666666
1 0.6296875 0.7895833333333333 0.19375 0.42083333333333334
1 0.82265625 0.48333333333333334 0.096875 0.209375
1 0.79921875 0.22604166666666667 0.06953125 0.14375
1 0.925 0.20833333333333334 0.0796875 0.14895833333333333
1 0.6203125 0.35833333333333334 0.078125 0.22708333333333333