3 0.10859375 0.45729166666666665 0.16015625 0.5604166666666667
3 0.29140625 0.14166666666666666 0.05078125 0.24791666666666667
6 0.7171875 0.2520833333333333 0.04296875 0.065625
6 0.575 0.09895833333333333 0.03125 0.06041666666666667
6 0.978125 0.25729166666666664 0.04375 0.11458333333333333
1 0.10546875 0.16458333333333333 0.05859375 0.16666666666666666
1 0.21171875 0.11770833333333333 0.0765625 0.16875
1 0.31875 0.17708333333333334 0.046875 0.14166666666666666
1 0.63515625 0.3927083333333333 0.11640625 0.3104166666666667
1 0.83984375 0.5041666666666667 0.1125 0.2604166666666667
1 0.8359375 0.25104166666666666 0.05234375 0.17916666666666667
1 0.64453125 0.8052083333333333 0.13046875 0.3885416666666667
5 0.56484375 0.153125 0.0609375 0.17395833333333333
5 0.73125 0.34479166666666666 0.08515625 0.2552083333333333
5 0.96875 0.25625 0.0625 0.13333333333333333