3 0.31796875 0.041666666666666664 0.0421875 0.08333333333333333
1 0.196875 0.12291666666666666 0.06953125 0.19479166666666667
1 0.08359375 0.17916666666666667 0.05390625 0.11666666666666667
1 0.63671875 0.7895833333333333 0.1265625 0.4166666666666667
1 0.8140625 0.4875 0.13359375 0.221875
1 0.80859375 0.221875 0.0625 0.15104166666666666
1 0.9328125 0.234375 0.08984375 0.11666666666666667
6 0.28203125 0.096875 0.03515625 0.07291666666666667
6 0.54609375 0.09583333333333334 0.0296875 0.065625
6 0.6 0.3 0.05 0.08125
6 0.703125 0.23229166666666667 0.0484375 0.08125
5 0.28828125 0.159375 0.07109375 0.21770833333333334
5 0.54921875 0.12604166666666666 0.05859375 0.171875
5 0.60546875 0.36354166666666665 0.08671875 0.24791666666666667
5 0.7015625 0.28125 0.0765625 0.2552083333333333