3 0.31953125 0.04583333333333333 0.03984375 0.06041666666666667
3 0.83203125 0.21979166666666666 0.05546875 0.146875
6 0.696875 0.21666666666666667 0.05546875 0.10104166666666667
6 0.28359375 0.08958333333333333 0.046875 0.058333333333333334
6 0.52421875 0.096875 0.0453125 0.06354166666666666
5 0.2921875 0.14479166666666668 0.06953125 0.2
5 0.5265625 0.14479166666666668 0.05546875 0.159375
5 0.69140625 0.3020833333333333 0.07265625 0.265625
1 0.08046875 0.190625 0.06953125 0.16875
1 0.1984375 0.11354166666666667 0.05546875 0.171875
1 0.60546875 0.7833333333333333 0.1390625 0.4239583333333333
1 0.80234375 0.478125 0.090625 0.184375
1 0.91796875 0.21354166666666666 0.0765625 0.159375
1 0.790625 0.225 0.03828125 0.17708333333333334