3 0.6234375 0.396875 0.10625 0.15625
3 0.81484375 0.165625 0.0796875 0.13333333333333333
3 0.565625 0.06875 0.0625 0.0875
6 0.33515625 0.07395833333333333 0.05625 0.08333333333333333
6 0.73515625 0.265625 0.0625 0.09375
6 0.815625 0.225 0.0453125 0.06666666666666667
1 0.61171875 0.796875 0.115625 0.3104166666666667
1 0.8296875 0.5177083333333333 0.121875 0.22083333333333333
1 0.97578125 0.325 0.0484375 0.09583333333333334
1 0.67265625 0.33958333333333335 0.0953125 0.11458333333333333
1 0.13984375 0.115625 0.0921875 0.15416666666666667
1 0.24609375 0.08541666666666667 0.0828125 0.17083333333333334
5 0.33125 0.140625 0.0875 0.26458333333333334
5 0.73359375 0.34270833333333334 0.096875 0.28958333333333336
5 0.8234375 0.27708333333333335 0.1078125 0.20833333333333334
1 0.575 0.17604166666666668 0.059375 0.12916666666666668