3 0.32734375 0.04583333333333333 0.05859375 0.07083333333333333
1 0.08203125 0.16666666666666666 0.05078125 0.15625
1 0.19765625 0.1125 0.0625 0.19479166666666667
1 0.61953125 0.7604166666666666 0.096875 0.3885416666666667
1 0.81015625 0.47708333333333336 0.0953125 0.196875
1 0.81328125 0.21458333333333332 0.05546875 0.18229166666666666
1 0.91796875 0.22083333333333333 0.0484375 0.09375
6 0.28515625 0.096875 0.03828125 0.06770833333333333
6 0.5453125 0.090625 0.03984375 0.05
6 0.57421875 0.30833333333333335 0.04140625 0.09583333333333334
6 0.70234375 0.23020833333333332 0.03828125 0.090625
5 0.2890625 0.15104166666666666 0.06640625 0.196875
5 0.5484375 0.1375 0.05703125 0.17916666666666667
5 0.59765625 0.3572916666666667 0.1078125 0.21979166666666666