3 0.22109375 0.33958333333333335 0.13125 0.36875
3 0.503125 0.14895833333333333 0.0640625 0.17083333333333334
3 0.94375 0.12604166666666666 0.0671875 0.11666666666666667
1 0.6484375 0.7697916666666667 0.1265625 0.44166666666666665
1 0.6515625 0.3802083333333333 0.1 0.25833333333333336
1 0.8203125 0.45208333333333334 0.1078125 0.22083333333333333
1 0.94921875 0.22291666666666668 0.0640625 0.06666666666666667
1 0.08671875 0.20520833333333333 0.090625 0.18125
1 0.19296875 0.12291666666666666 0.0703125 0.15416666666666667
1 0.5296875 0.17604166666666668 0.046875 0.08541666666666667
5 0.290625 0.16041666666666668 0.08125 0.21875
5 0.71484375 0.28854166666666664 0.115625 0.29791666666666666
5 0.80078125 0.21458333333333332 0.1015625 0.23333333333333334
6 0.284375 0.10625 0.046875 0.0875
6 0.70703125 0.19479166666666667 0.05625 0.09583333333333334
6 0.7890625 0.16666666666666666 0.059375 0.1
2 0.5604032359375 0.57521545 0.560342803125 0.33649425208333333 0.5599703125 0.32939174791666664 0.45356135625 0.24849821249999998 0.30471736250000003 0.31553559375 0.3397121890625 0.57554039375 0.4527871125 0.6840061020833333 0.457760390625 0.6835424145833334 0.5604032359375 0.57521545
2 0.9709259250000001 0.6391273208333333 0.7028815093749999 0.4329555875 0.596296065625 0.5998411375 0.6096186421875001 0.9889121520833334 0.876713284375 0.9640093833333334 0.9712947625 0.6461601312499999 0.9709259250000001 0.6391273208333333
2 1 0.50658530625 0.9874235578125001 0.2667832958333333 0.8933940828125 0.21559062291666667 0.706736796875 0.4304444333333333 0.96957593125 0.6483534333333334 0.9703586796874999 0.6482804541666667 1 0.5093574395833333 1 0.50658530625
2 0.989190509375 0.27060894166666666 0.9769682640624999 0.03756059791666667 0.9012432546875001 0.05980938958333334 0.89216619375 0.21254083125 0.987501921875 0.2707663791666667 0.989190509375 0.27060894166666666
2 0.6930338500000001 0.4515303875 0.688912525 0.3091425541666667 0.6868130078125 0.26910990208333335 0.5726230140624999 0.19189515625 0.4505697984375 0.2539032583333333 0.5625253046875 0.35231601875 0.563822009375 0.5650558083333334 0.56671151875 0.5647864020833333 0.6930338500000001 0.4515303875
4 0.770366709375 0.3852748541666667 0.776459278125 0.18649670208333333 0.7760889796875 0.17943602916666668 0.6751016984375 0.14354648333333334 0.5794429171875 0.19296800625000002 0.6885281671875 0.26380276874999997 0.694273878125 0.42758779375 0.69475715625 0.4275427354166667 0.770366709375 0.3852748541666667
4 0.8552852218749999 0.27496151874999997 0.8715779859375001 0.118632125 0.8711779375 0.11100415416666666 0.784049528125 0.08415255416666666 0.6887870921875 0.14113137916666665 0.7677191156250001 0.20718324375 0.7700603203124999 0.33280812083333333 0.7712987734375 0.33269265416666666 0.8552852218749999 0.27496151874999997
2 0 0.3001842416666667 0.1379912328125 0.287318525 0.13245233750000002 0.18170533125 0.1281334796875 0.11021558333333334 0 0.12216220625 0 0.3001842416666667
2 0.241146709375 0.2355842625 0.22537844375 0.09782638958333334 0.2804970859375 0.07770769166666666 0.2800683734375 0.06953320833333333 0.2725589203125 0.020016333333333334 0.1254557328125 0.03879445 0.15798701875 0.08892116666666668 0.177502265625 0.24395469375 0.1799003203125 0.24373110833333334 0.241146709375 0.2355842625
4 0.34795414999999996 0.2589141520833333 0.32591691875 0.05592387708333334 0.22392958593749998 0.09327835000000001 0.254627309375 0.27226703125 0.262273921875 0.27155409375 0.34795414999999996 0.2589141520833333
4 0.5167515500000001 0 0.4722117703125 0.0013699083333333334 0.4641256703125 0.002123820833333333 0.47199271249999997 0.23320502083333333 0.47337148124999995 0.23307647083333333 0.5558364265625 0.19083703333333332 0.5502973625 0.08522063125 0.545193690625 0 0.5167515500000001 0