3 0.31484375 0.035416666666666666 0.05234375 0.065625
3 0.95859375 0.178125 0.05078125 0.103125
6 0.2796875 0.10520833333333333 0.05703125 0.06770833333333333
6 0.53125 0.0875 0.04296875 0.078125
5 0.28984375 0.15 0.08515625 0.18958333333333333
5 0.53515625 0.12395833333333334 0.05078125 0.17708333333333334
5 0.6984375 0.30520833333333336 0.05859375 0.2375
6 0.69375 0.21666666666666667 0.03515625 0.07604166666666666
1 0.07734375 0.15104166666666666 0.046875 0.19166666666666668
1 0.19609375 0.11770833333333333 0.065625 0.21979166666666666
1 0.6484375 0.7739583333333333 0.1546875 0.4010416666666667
1 0.80390625 0.4739583333333333 0.09921875 0.2
1 0.79765625 0.23229166666666667 0.07265625 0.19166666666666668
1 0.615625 0.38333333333333336 0.08671875 0.303125