3 0.23828125 0.178125 0.07109375 0.11875
6 0.27109375 0.08333333333333333 0.0453125 0.07604166666666666
6 0.60703125 0.29270833333333335 0.046875 0.12604166666666666
6 0.94296875 0.2552083333333333 0.05078125 0.08125
5 0.940625 0.265625 0.10546875 0.10625
5 0.60546875 0.3645833333333333 0.075 0.3260416666666667
5 0.275 0.12916666666666668 0.0640625 0.2125
1 0.0546875 0.16875 0.05546875 0.146875
1 0.1671875 0.12395833333333334 0.06640625 0.16666666666666666
1 0.57421875 0.7739583333333333 0.1125 0.4114583333333333
1 0.7890625 0.48020833333333335 0.09765625 0.2125
1 0.6859375 0.35 0.09375 0.2
1 0.77578125 0.22083333333333333 0.04296875 0.184375
1 0.50859375 0.140625 0.05078125 0.12395833333333334