1 0.515625 0.13333333333333333 0.03671875 0.15104166666666666
1 0.171875 0.09375 0.07109375 0.18645833333333334
1 0.0484375 0.16875 0.065625 0.15104166666666666
1 0.61171875 0.7927083333333333 0.11796875 0.41458333333333336
1 0.70390625 0.3385416666666667 0.11796875 0.2125
1 0.79765625 0.45416666666666666 0.11796875 0.22708333333333333
6 0.2703125 0.10520833333333333 0.03515625 0.06354166666666666
6 0.56015625 0.30833333333333335 0.078125 0.14166666666666666
6 0.94921875 0.215625 0.04140625 0.12395833333333334
5 0.946875 0.22708333333333333 0.10625 0.07083333333333333
5 0.28515625 0.17291666666666666 0.0640625 0.225
5 0.5875 0.3770833333333333 0.11796875 0.3104166666666667