3 0.5 0.025 0.059375 0.05
3 0.81640625 0.1375 0.0578125 0.10833333333333334
6 0.296875 0.090625 0.071875 0.06354166666666666
6 0.553125 0.07916666666666666 0.03125 0.06979166666666667
6 0.640625 0.325 0.06875 0.13333333333333333
6 0.69609375 0.221875 0.0765625 0.09479166666666666
1 0.11484375 0.16666666666666666 0.0671875 0.128125
1 0.21328125 0.11770833333333333 0.0671875 0.23020833333333332
1 0.6453125 0.7635416666666667 0.121875 0.4
1 0.82578125 0.4708333333333333 0.0953125 0.21979166666666666
1 0.959375 0.25416666666666665 0.071875 0.09166666666666666
1 0.815625 0.2864583333333333 0.04375 0.11145833333333334
5 0.55625 0.12395833333333334 0.065625 0.175
5 0.7078125 0.30520833333333336 0.08984375 0.2708333333333333
5 0.634375 0.39375 0.096875 0.27395833333333336