3 0.60546875 0.16041666666666668 0.0484375 0.103125
3 0.8265625 0.06666666666666667 0.03984375 0.13333333333333333
6 0.60703125 0.30416666666666664 0.0609375 0.13854166666666667
6 0.55546875 0.09479166666666666 0.04296875 0.078125
6 0.79375 0.17395833333333333 0.06796875 0.11145833333333334
6 0.9828125 0.23645833333333333 0.034375 0.13333333333333333
1 0.09609375 0.17916666666666667 0.075 0.16145833333333334
1 0.19765625 0.10520833333333333 0.03984375 0.13333333333333333
1 0.30390625 0.190625 0.0453125 0.159375
1 0.63046875 0.7739583333333333 0.1078125 0.35104166666666664
1 0.80234375 0.48333333333333334 0.121875 0.225
1 0.69765625 0.35208333333333336 0.059375 0.24479166666666666
5 0.55546875 0.10625 0.0765625 0.20729166666666668
5 0.62109375 0.3854166666666667 0.1109375 0.290625
5 0.80078125 0.24895833333333334 0.078125 0.2552083333333333
5 0.96484375 0.234375 0.06640625 0.146875