3 0.59453125 0.14270833333333333 0.046875 0.10833333333333334
3 0.8390625 0.18229166666666666 0.04375 0.15104166666666666
6 0.7984375 0.18229166666666666 0.028125 0.08125
6 0.97734375 0.24270833333333333 0.0453125 0.13125
6 0.2984375 0.09479166666666666 0.04296875 0.058333333333333334
1 0.55078125 0.18333333333333332 0.03515625 0.103125
1 0.21171875 0.11458333333333333 0.07421875 0.14895833333333333
1 0.109375 0.16875 0.05703125 0.14166666666666666
1 0.6359375 0.7479166666666667 0.109375 0.3489583333333333
1 0.828125 0.4864583333333333 0.10234375 0.184375
1 0.64609375 0.4083333333333333 0.065625 0.315625
1 0.7015625 0.32916666666666666 0.07109375 0.25
5 0.29921875 0.16458333333333333 0.075 0.23229166666666667
5 0.79375 0.22708333333333333 0.065625 0.27291666666666664
5 0.95859375 0.23645833333333333 0.0828125 0.13854166666666667