3 0.66484375 0.3489583333333333 0.0734375 0.19166666666666668
3 0.59375 0.13854166666666667 0.046875 0.21666666666666667
1 0.64140625 0.7614583333333333 0.1171875 0.4
1 0.85390625 0.503125 0.1296875 0.23333333333333334
1 0.84296875 0.253125 0.0671875 0.18333333333333332
1 0.6234375 0.3385416666666667 0.0375 0.128125
1 0.1296875 0.17916666666666667 0.09375 0.14166666666666666
1 0.21953125 0.13229166666666667 0.0703125 0.196875
6 0.31640625 0.115625 0.0421875 0.08645833333333333
6 0.55859375 0.11666666666666667 0.0359375 0.11145833333333334
6 0.7421875 0.2625 0.05 0.08020833333333334
5 0.75390625 0.29583333333333334 0.08984375 0.18541666666666667
5 0.31484375 0.14895833333333333 0.07890625 0.21354166666666666
5 0.55546875 0.15833333333333333 0.06640625 0.2
5 0.965625 0.2708333333333333 0.06875 0.153125
6 0.96875 0.26666666666666666 0.0625 0.075