1 0.16171875 0.109375 0.05703125 0.14895833333333333
1 0.2640625 0.19166666666666668 0.059375 0.16145833333333334
1 0.05390625 0.153125 0.065625 0.11875
1 0.60703125 0.7791666666666667 0.10078125 0.43645833333333334
1 0.78515625 0.4479166666666667 0.09921875 0.184375
1 0.51171875 0.15833333333333333 0.0484375 0.10833333333333334
3 0.44140625 0.040625 0.034375 0.08125
6 0.559375 0.3104166666666667 0.0484375 0.11666666666666667
6 0.66015625 0.22395833333333334 0.0453125 0.11354166666666667
6 0.7359375 0.14479166666666668 0.03671875 0.11354166666666667
6 0.93984375 0.25416666666666665 0.0328125 0.06770833333333333
5 0.9390625 0.24895833333333334 0.121875 0.11354166666666667
5 0.578125 0.3927083333333333 0.096875 0.28020833333333334
5 0.6671875 0.25729166666666664 0.0640625 0.27291666666666664
5 0.73828125 0.17916666666666667 0.0453125 0.278125