3 0.29921875 0.0625 0.0390625 0.09166666666666666
3 0.0625 0.34375 0.10625 0.2375
6 0.6921875 0.225 0.05 0.07708333333333334
6 0.26171875 0.109375 0.0453125 0.07916666666666666
6 0.5125 0.08854166666666667 0.0546875 0.06666666666666667
6 0.9578125 0.20729166666666668 0.0546875 0.125
1 0.06171875 0.196875 0.06875 0.15
1 0.1796875 0.14895833333333333 0.0796875 0.20416666666666666
1 0.63359375 0.7635416666666667 0.1609375 0.4479166666666667
1 0.79609375 0.4375 0.1140625 0.22708333333333333
1 0.77578125 0.23229166666666667 0.0546875 0.2
1 0.60546875 0.3489583333333333 0.1078125 0.2791666666666667
5 0.26875 0.15625 0.065625 0.22291666666666668
5 0.515625 0.11770833333333333 0.0578125 0.17291666666666666
5 0.6921875 0.290625 0.0984375 0.26458333333333334
5 0.94140625 0.19791666666666666 0.1015625 0.18541666666666667