3 0.41171875 0.19895833333333332 0.05 0.0875
3 0.2 0.046875 0.059375 0.09375
6 0.2203125 0.14791666666666667 0.04375 0.09583333333333334
6 0.465625 0.08958333333333333 0.0625 0.1
6 0.03046875 0.19791666666666666 0.0359375 0.10416666666666667
6 0.40546875 0.29270833333333335 0.0578125 0.1125
1 0.91328125 0.21666666666666667 0.0921875 0.18958333333333333
1 0.82890625 0.14791666666666667 0.090625 0.20208333333333334
1 0.7078125 0.203125 0.075 0.1625
1 0.3515625 0.7833333333333333 0.121875 0.39375
1 0.18515625 0.465625 0.1046875 0.22083333333333333
1 0.321875 0.3229166666666667 0.0921875 0.20625
5 0.38671875 0.38333333333333336 0.11875 0.29583333333333334
5 0.22890625 0.2125 0.0828125 0.24583333333333332
5 0.05234375 0.19166666666666668 0.08125 0.11666666666666667
5 0.46640625 0.121875 0.0859375 0.21875