3 0.2109375 0.45729166666666665 0.1578125 0.41458333333333336
3 0.65234375 0.0875 0.0625 0.14895833333333333
1 0.64765625 0.7447916666666666 0.16171875 0.37395833333333334
1 0.84375 0.521875 0.09921875 0.265625
1 0.978125 0.2635416666666667 0.04375 0.11875
1 0.84296875 0.24895833333333334 0.0640625 0.225
1 0.22890625 0.109375 0.07109375 0.184375
1 0.12109375 0.178125 0.08125 0.17916666666666667
6 0.31640625 0.084375 0.02578125 0.07291666666666667
6 0.5671875 0.10833333333333334 0.05546875 0.10625
6 0.6125 0.284375 0.0625 0.11354166666666667
5 0.33203125 0.14375 0.078125 0.21666666666666667
5 0.5640625 0.13541666666666666 0.0765625 0.2
5 0.628125 0.3802083333333333 0.11953125 0.30520833333333336
5 0.71953125 0.28958333333333336 0.08671875 0.225
6 0.71875 0.23958333333333334 0.0453125 0.10625