1 0.37421875 0.778125 0.11875 0.35625
1 0.16484375 0.5041666666666667 0.11875 0.22083333333333333
1 0.1390625 0.28541666666666665 0.0640625 0.17291666666666666
1 0.03203125 0.31666666666666665 0.0640625 0.12083333333333333
1 0.76328125 0.071875 0.0953125 0.14375
1 0.65625 0.17291666666666666 0.09375 0.18333333333333332
1 0.87109375 0.11354166666666667 0.0875 0.1625
5 0.378125 0.365625 0.1234375 0.24791666666666667
5 0.2890625 0.33541666666666664 0.1109375 0.29791666666666666
5 0.4265625 0.13854166666666667 0.0703125 0.15625
6 0.3953125 0.32083333333333336 0.0640625 0.14166666666666666
6 0.2984375 0.24895833333333334 0.06875 0.06666666666666667
6 0.41328125 0.10833333333333334 0.046875 0.06666666666666667
3 0.46328125 0.030208333333333334 0.046875 0.06041666666666667
3 0.7078125 0.12916666666666668 0.065625 0.25833333333333336
3 0.18203125 0.19895833333333332 0.0625 0.1875