3 0.49140625 0.05416666666666667 0.0328125 0.09583333333333334
3 0.3859375 0.36666666666666664 0.09375 0.16875
3 0.26640625 0.08333333333333333 0.0546875 0.16666666666666666
1 0.3546875 0.7583333333333333 0.1078125 0.3375
1 0.165625 0.428125 0.146875 0.12291666666666666
1 0.05234375 0.21875 0.053125 0.09166666666666666
1 0.9046875 0.21041666666666667 0.1140625 0.17708333333333334
1 0.79921875 0.14583333333333334 0.0734375 0.18333333333333332
1 0.35 0.290625 0.0796875 0.1125
5 0.71640625 0.17708333333333334 0.090625 0.26458333333333334
5 0.29375 0.31145833333333334 0.096875 0.29375
5 0.1921875 0.21041666666666667 0.103125 0.2375
1 0.471875 0.16770833333333332 0.040625 0.10833333333333334
6 0.7171875 0.10625 0.071875 0.07708333333333334
6 0.3015625 0.21458333333333332 0.06875 0.07916666666666666
6 0.20390625 0.1625 0.0609375 0.08333333333333333