3 0.37421875 0.15416666666666667 0.0703125 0.125
3 0.2828125 0.14583333333333334 0.04375 0.25833333333333336
6 0.55859375 0.11145833333333334 0.0359375 0.09479166666666666
6 0.715625 0.234375 0.075 0.13020833333333334
6 0.9703125 0.23020833333333332 0.059375 0.16145833333333334
1 0.6234375 0.7635416666666667 0.14375 0.378125
1 0.646875 0.359375 0.065625 0.23645833333333333
1 0.8296875 0.471875 0.078125 0.23854166666666668
1 0.84765625 0.24479166666666666 0.0734375 0.25
1 0.1125 0.18645833333333334 0.109375 0.19479166666666667
1 0.21171875 0.10104166666666667 0.0765625 0.19166666666666668
1 0.31484375 0.21354166666666666 0.0484375 0.121875
5 0.553125 0.13541666666666666 0.05546875 0.184375
5 0.7125 0.28541666666666665 0.0875 0.26666666666666666
5 0.9625 0.22395833333333334 0.075 0.225