6 0.9375 0.25416666666666665 0.02578125 0.07291666666666667
6 0.60546875 0.29791666666666666 0.04375 0.09583333333333334
6 0.67265625 0.19791666666666666 0.04140625 0.08333333333333333
6 0.74140625 0.15833333333333333 0.034375 0.06770833333333333
3 0.2515625 0.036458333333333336 0.05703125 0.07291666666666667
1 0.05703125 0.18541666666666667 0.05078125 0.13333333333333333
1 0.1546875 0.11145833333333334 0.059375 0.16145833333333334
1 0.60546875 0.7697916666666667 0.10625 0.37395833333333334
1 0.78359375 0.446875 0.1125 0.20208333333333334
5 0.59765625 0.3614583333333333 0.078125 0.27291666666666664
5 0.66171875 0.2760416666666667 0.08828125 0.2604166666666667
5 0.74609375 0.203125 0.07109375 0.21458333333333332
5 0.94140625 0.25 0.096875 0.07604166666666666
1 0.2765625 0.184375 0.05859375 0.14166666666666666
1 0.50859375 0.16875 0.06796875 0.11666666666666667