1 0.078125 0.22083333333333333 0.0625 0.12083333333333333
1 0.18515625 0.13958333333333334 0.0609375 0.15625
1 0.64296875 0.7625 0.1578125 0.4
1 0.81328125 0.4479166666666667 0.1046875 0.21666666666666667
1 0.8046875 0.20833333333333334 0.08125 0.20208333333333334
1 0.92578125 0.19583333333333333 0.10625 0.13333333333333333
6 0.28046875 0.115625 0.0390625 0.0625
6 0.515625 0.09375 0.0375 0.0625
6 0.5703125 0.2791666666666667 0.071875 0.09583333333333334
3 0.68515625 0.146875 0.0484375 0.08333333333333333
1 0.69921875 0.34479166666666666 0.09375 0.22916666666666666
5 0.58359375 0.375 0.1421875 0.33958333333333335
5 0.28515625 0.16770833333333332 0.0828125 0.22291666666666668
5 0.51796875 0.12395833333333334 0.059375 0.18125