1 0.64765625 0.7552083333333334 0.121875 0.3489583333333333
1 0.84375 0.4635416666666667 0.08203125 0.3260416666666667
1 0.98359375 0.275 0.0328125 0.08333333333333333
1 0.22265625 0.08541666666666667 0.0640625 0.11666666666666667
1 0.10234375 0.16666666666666666 0.08515625 0.171875
1 0.21953125 0.09583333333333334 0.08671875 0.15104166666666666
6 0.5953125 0.2916666666666667 0.05078125 0.103125
6 0.65859375 0.40520833333333334 0.06953125 0.315625
6 0.3171875 0.07916666666666666 0.05 0.06770833333333333
6 0.5625 0.096875 0.034375 0.078125
6 0.8125 0.20416666666666666 0.03984375 0.090625
5 0.68515625 0.415625 0.13203125 0.35625
5 0.58046875 0.3927083333333333 0.06953125 0.3104166666666667
5 0.809375 0.23125 0.08515625 0.20416666666666666
5 0.32421875 0.13020833333333334 0.090625 0.21979166666666666
5 0.56640625 0.11145833333333334 0.0640625 0.20208333333333334