3 0.14296875 0.09895833333333333 0.05 0.10625
3 0.6890625 0.19791666666666666 0.07421875 0.13854166666666667
6 0.2921875 0.09583333333333334 0.04140625 0.07083333333333333
6 0.5375 0.08333333333333333 0.046875 0.08125
6 0.58671875 0.3145833333333333 0.0484375 0.11354166666666667
1 0.09140625 0.19791666666666666 0.0640625 0.159375
1 0.20390625 0.11458333333333333 0.0609375 0.16875
1 0.63125 0.771875 0.12109375 0.4010416666666667
1 0.82421875 0.48333333333333334 0.11953125 0.18958333333333333
1 0.81171875 0.234375 0.04140625 0.17708333333333334
1 0.9171875 0.23229166666666667 0.05546875 0.15625
1 0.70703125 0.34375 0.05 0.16666666666666666
5 0.58515625 0.32708333333333334 0.08515625 0.2552083333333333
5 0.53046875 0.11875 0.05546875 0.17708333333333334
5 0.3125 0.146875 0.0796875 0.20208333333333334