1 0.76796875 0.21770833333333334 0.078125 0.14166666666666666
1 0.86953125 0.16770833333333332 0.0859375 0.15625
1 0.375 0.7395833333333334 0.1453125 0.3416666666666667
1 0.21640625 0.41041666666666665 0.115625 0.17708333333333334
1 0.1109375 0.18020833333333333 0.05625 0.15208333333333332
1 0.97421875 0.24583333333333332 0.0515625 0.15
1 0.52578125 0.1375 0.071875 0.15
5 0.2875 0.1875 0.0859375 0.175
6 0.303125 0.125 0.034375 0.06458333333333334
3 0.29296875 0.05416666666666667 0.071875 0.07083333333333333
6 0.3671875 0.178125 0.0625 0.08333333333333333
6 0.4671875 0.2864583333333333 0.0625 0.10208333333333333
5 0.44609375 0.36354166666666665 0.159375 0.3
5 0.3515625 0.259375 0.1140625 0.29583333333333334