3 0.53046875 0.5802083333333333 0.1078125 0.5114583333333333
3 0.57421875 0.153125 0.0546875 0.25
1 0.6375 0.7541666666666667 0.096875 0.4864583333333333
1 0.840625 0.484375 0.1125 0.20833333333333334
1 0.8453125 0.25 0.065625 0.221875
1 0.6453125 0.35833333333333334 0.06875 0.21666666666666667
1 0.11484375 0.19479166666666667 0.0984375 0.13333333333333333
1 0.22890625 0.128125 0.0640625 0.18333333333333332
6 0.31015625 0.09895833333333333 0.0453125 0.075
6 0.5390625 0.11145833333333334 0.0375 0.078125
6 0.978125 0.2625 0.04375 0.103125
6 0.75078125 0.253125 0.0515625 0.071875
5 0.31484375 0.16770833333333332 0.0671875 0.20833333333333334
5 0.54140625 0.13125 0.053125 0.13229166666666667
5 0.753125 0.334375 0.065625 0.259375
5 0.9703125 0.25625 0.05859375 0.125