1 0.64375 0.7625 0.096875 0.346875
1 0.834375 0.465625 0.10625 0.20833333333333334
1 0.8453125 0.24479166666666666 0.053125 0.16666666666666666
1 0.96171875 0.2625 0.0734375 0.11354166666666667
1 0.20859375 0.10104166666666667 0.0859375 0.14166666666666666
1 0.32265625 0.19270833333333334 0.0828125 0.175
1 0.1046875 0.15833333333333333 0.078125 0.15520833333333334
5 0.6125 0.35208333333333336 0.10859375 0.23541666666666666
5 0.69921875 0.31145833333333334 0.09296875 0.2875
5 0.54921875 0.13125 0.0609375 0.14895833333333333
6 0.59296875 0.309375 0.0546875 0.13645833333333332
6 0.684375 0.22604166666666667 0.065625 0.058333333333333334
6 0.5609375 0.1 0.04375 0.06145833333333333
3 0.50625 0.028125 0.04375 0.05520833333333333
3 0.26796875 0.14479166666666668 0.0484375 0.278125
3 0.796875 0.16354166666666667 0.05 0.18333333333333332