3 0.27734375 0.078125 0.0546875 0.15
3 0.7640625 0.11145833333333334 0.046875 0.10520833333333333
3 0.50390625 0.0375 0.0390625 0.075
6 0.590625 0.290625 0.071875 0.096875
6 0.69765625 0.22916666666666666 0.0671875 0.13645833333333332
6 0.56796875 0.10104166666666667 0.0484375 0.058333333333333334
1 0.1109375 0.18645833333333334 0.059375 0.13854166666666667
1 0.21328125 0.109375 0.0765625 0.15833333333333333
1 0.321875 0.19583333333333333 0.053125 0.153125
1 0.64765625 0.784375 0.1203125 0.43020833333333336
1 0.82734375 0.490625 0.1203125 0.196875
1 0.83125 0.259375 0.04375 0.21979166666666666
1 0.95625 0.23854166666666668 0.084375 0.121875
5 0.5703125 0.12916666666666668 0.07109375 0.14166666666666666
5 0.60546875 0.3875 0.12109375 0.303125
5 0.69296875 0.2916666666666667 0.0796875 0.27291666666666664