3 0.30546875 0.058333333333333334 0.034375 0.08541666666666667
6 0.26015625 0.12083333333333333 0.0359375 0.06875
6 0.528125 0.09895833333333333 0.028125 0.07291666666666667
6 0.5796875 0.27291666666666664 0.0390625 0.075
6 0.684375 0.19479166666666667 0.0546875 0.1
1 0.0703125 0.21458333333333332 0.084375 0.13541666666666666
1 0.6359375 0.7802083333333333 0.1203125 0.38333333333333336
1 0.17421875 0.14270833333333333 0.0796875 0.1625
1 0.8078125 0.446875 0.103125 0.17291666666666666
1 0.7921875 0.18854166666666666 0.046875 0.175
1 0.903125 0.18229166666666666 0.0640625 0.10833333333333334
5 0.2734375 0.17604166666666668 0.090625 0.19791666666666666
5 0.5234375 0.12604166666666666 0.075 0.18125
5 0.596875 0.353125 0.1203125 0.2791666666666667
5 0.67578125 0.2635416666666667 0.0796875 0.2791666666666667