1 0.50703125 0.146875 0.065625 0.16145833333333334
1 0.05 0.184375 0.05078125 0.15625
1 0.153125 0.11770833333333333 0.05078125 0.16875
1 0.60546875 0.7697916666666667 0.090625 0.34375
1 0.78671875 0.46979166666666666 0.1109375 0.18645833333333334
1 0.50859375 0.14166666666666666 0.0625 0.10625
3 0.23828125 0.03333333333333333 0.0515625 0.06666666666666667
1 0.265625 0.19166666666666668 0.05703125 0.19166666666666668
6 0.60625 0.3072916666666667 0.05703125 0.10833333333333334
6 0.66953125 0.19791666666666666 0.06640625 0.09375
6 0.75390625 0.146875 0.06796875 0.08125
5 0.5953125 0.3854166666666667 0.08828125 0.2604166666666667
5 0.665625 0.27395833333333336 0.06640625 0.25
5 0.7578125 0.21875 0.07265625 0.2552083333333333
6 0.94375 0.25104166666666666 0.0296875 0.08333333333333333
5 0.946875 0.24479166666666666 0.10625 0.08958333333333333