6 0.2453125 0.11354166666666667 0.05 0.08125
6 0.546875 0.296875 0.0703125 0.11041666666666666
6 0.94921875 0.17083333333333334 0.0734375 0.10833333333333334
3 0.59609375 0.03854166666666667 0.0359375 0.07708333333333334
5 0.26015625 0.178125 0.075 0.2125
5 0.58203125 0.37395833333333334 0.13125 0.2916666666666667
5 0.9328125 0.19166666666666668 0.109375 0.11666666666666667
1 0.05390625 0.21875 0.065625 0.13333333333333333
1 0.14140625 0.146875 0.090625 0.20208333333333334
1 0.63203125 0.7916666666666666 0.121875 0.40208333333333335
1 0.79609375 0.44166666666666665 0.09375 0.16875
1 0.68125 0.3385416666666667 0.0765625 0.2125
1 0.75234375 0.21770833333333334 0.0640625 0.17291666666666666
1 0.5 0.16145833333333334 0.046875 0.09583333333333334
3 0.6859375 0.05416666666666667 0.04375 0.1