3 0.59375 0.042708333333333334 0.05625 0.07916666666666666
3 0.41015625 0.030208333333333334 0.0453125 0.06041666666666667
3 0.24296875 0.06145833333333333 0.0765625 0.1
3 0.19375 0.178125 0.0734375 0.1125
6 0.4125 0.2947916666666667 0.0671875 0.1
6 0.4390625 0.08958333333333333 0.0453125 0.04375
5 0.45390625 0.12708333333333333 0.06875 0.15416666666666667
5 0.40078125 0.34479166666666666 0.121875 0.2375
1 0.34921875 0.7520833333333333 0.109375 0.3458333333333333
1 0.15703125 0.48020833333333335 0.0921875 0.22916666666666666
1 0.159375 0.19375 0.0640625 0.15625
1 0.28515625 0.3729166666666667 0.0953125 0.22083333333333333
1 0.04609375 0.221875 0.06875 0.11041666666666666
1 0.8015625 0.11875 0.0734375 0.1375
1 0.690625 0.17604166666666668 0.065625 0.17708333333333334
1 0.9015625 0.18541666666666667 0.053125 0.20625