3 0.328125 0.04375 0.04375 0.0875
1 0.08828125 0.184375 0.05703125 0.15104166666666666
1 0.19296875 0.13333333333333333 0.07109375 0.15104166666666666
1 0.6296875 0.7979166666666667 0.1234375 0.4041666666666667
1 0.80859375 0.475 0.09921875 0.171875
1 0.81171875 0.203125 0.0609375 0.184375
1 0.91484375 0.23229166666666667 0.05703125 0.11666666666666667
6 0.28125 0.09895833333333333 0.03671875 0.07083333333333333
6 0.54375 0.1 0.04296875 0.07291666666666667
6 0.58984375 0.28541666666666665 0.05390625 0.10625
6 0.7046875 0.22604166666666667 0.05390625 0.09375
5 0.2875 0.15520833333333334 0.075 0.18958333333333333
5 0.546875 0.12291666666666666 0.05390625 0.20416666666666666
5 0.6015625 0.3333333333333333 0.109375 0.2520833333333333
5 0.70703125 0.29583333333333334 0.0640625 0.2625