1 0.80234375 0.07708333333333334 0.0671875 0.15416666666666667
1 0.9109375 0.10833333333333334 0.075 0.1625
1 0.41953125 0.775 0.1421875 0.3770833333333333
1 0.21484375 0.50625 0.1203125 0.19791666666666666
1 0.20546875 0.27291666666666664 0.053125 0.16666666666666666
1 0.4515625 0.16979166666666667 0.06875 0.1
6 0.69921875 0.05416666666666667 0.0421875 0.08333333333333333
6 0.38125 0.33229166666666665 0.071875 0.14583333333333334
6 0.04140625 0.3385416666666667 0.0453125 0.10208333333333333
5 0.6875 0.115625 0.0875 0.23125
5 0.38671875 0.38229166666666664 0.0921875 0.26458333333333334
5 0.04609375 0.33958333333333335 0.0921875 0.1125
3 0.1859375 0.14166666666666666 0.0578125 0.06875
6 0.28515625 0.25833333333333336 0.046875 0.0875
5 0.28984375 0.35104166666666664 0.1109375 0.275