3 0.790625 0.484375 0.1796875 0.42916666666666664
3 0.36953125 0.075 0.0703125 0.15
1 0.33984375 0.7302083333333333 0.18125 0.3875
1 0.15625 0.4895833333333333 0.1125 0.27291666666666664
1 0.03515625 0.21979166666666666 0.05 0.12291666666666666
1 0.17109375 0.21770833333333334 0.075 0.23125
1 0.790625 0.13541666666666666 0.0796875 0.19166666666666668
1 0.89453125 0.21458333333333332 0.090625 0.18541666666666667
6 0.7046875 0.10208333333333333 0.0296875 0.075
6 0.453125 0.103125 0.0609375 0.1125
6 0.39921875 0.27395833333333336 0.06875 0.11875
5 0.6859375 0.16041666666666668 0.0890625 0.22291666666666668
5 0.45546875 0.13020833333333334 0.0875 0.20625
5 0.378125 0.36875 0.134375 0.31666666666666665
5 0.2921875 0.26979166666666665 0.0984375 0.23333333333333334
6 0.2953125 0.21979166666666666 0.05 0.10833333333333334