3 0.48203125 0.04895833333333333 0.0390625 0.09166666666666666
3 0.45078125 0.4666666666666667 0.1203125 0.321875
3 0.54296875 0.13333333333333333 0.0484375 0.121875
3 0.615625 0.030208333333333334 0.06875 0.06041666666666667
6 0.58515625 0.2947916666666667 0.0609375 0.1
6 0.5625 0.103125 0.03125 0.05
1 0.621875 0.7927083333333333 0.109375 0.38645833333333335
1 0.8234375 0.5041666666666667 0.1125 0.225
1 0.7296875 0.3625 0.084375 0.16979166666666667
1 0.83515625 0.22604166666666667 0.0578125 0.16979166666666667
1 0.96796875 0.23645833333333333 0.0546875 0.11666666666666667
1 0.10703125 0.18645833333333334 0.0453125 0.11666666666666667
1 0.21484375 0.09895833333333333 0.0703125 0.196875
1 0.3140625 0.16354166666666667 0.0625 0.13854166666666667
5 0.5640625 0.175 0.05 0.06145833333333333
5 0.64296875 0.3416666666666667 0.0515625 0.18854166666666666