3 0.71953125 0.109375 0.05 0.08854166666666667
3 0.8203125 0.24895833333333334 0.05234375 0.234375
6 0.97265625 0.23229166666666667 0.0546875 0.13645833333333332
6 0.78125 0.184375 0.02265625 0.08125
6 0.31015625 0.09479166666666666 0.05234375 0.06354166666666666
1 0.1046875 0.171875 0.06640625 0.2125
1 0.2140625 0.12291666666666666 0.0609375 0.17916666666666667
1 0.6296875 0.7604166666666666 0.08671875 0.41875
1 0.8234375 0.49166666666666664 0.11484375 0.234375
1 0.64921875 0.41041666666666665 0.07421875 0.2552083333333333
1 0.69140625 0.32916666666666666 0.06796875 0.24479166666666666
1 0.5546875 0.18229166666666666 0.046875 0.08541666666666667
5 0.30859375 0.20208333333333334 0.07421875 0.13645833333333332
5 0.790625 0.27395833333333336 0.04140625 0.09895833333333333
5 0.96015625 0.24791666666666667 0.0765625 0.05520833333333333