3 0.41171875 0.12395833333333334 0.0546875 0.19166666666666668
3 0.46171875 0.5270833333333333 0.0921875 0.3958333333333333
1 0.36484375 0.7677083333333333 0.1296875 0.2916666666666667
1 0.14609375 0.5208333333333334 0.1359375 0.2520833333333333
1 0.01875 0.27291666666666664 0.0375 0.15416666666666667
1 0.15390625 0.26145833333333335 0.071875 0.22708333333333333
1 0.7625 0.09479166666666666 0.071875 0.17708333333333334
1 0.8921875 0.15416666666666667 0.1078125 0.21875
6 0.66640625 0.096875 0.0515625 0.05416666666666667
6 0.43046875 0.09895833333333333 0.0359375 0.08333333333333333
6 0.35859375 0.3104166666666667 0.084375 0.1125
6 0.278125 0.22291666666666668 0.05625 0.09375
5 0.284375 0.4166666666666667 0.109375 0.2916666666666667
5 0.65859375 0.175 0.0828125 0.15416666666666667
5 0.43671875 0.16458333333333333 0.059375 0.12916666666666668