3 0.80625 0.10208333333333333 0.0609375 0.11041666666666666
3 0.6046875 0.18125 0.0671875 0.1
6 0.6140625 0.31354166666666666 0.046875 0.09375
6 0.57265625 0.09166666666666666 0.05625 0.06666666666666667
3 0.8359375 0.22395833333333334 0.0625 0.08541666666666667
6 0.99375 0.296875 0.0125 0.13125
1 0.13515625 0.10833333333333334 0.0671875 0.14791666666666667
1 0.23515625 0.07395833333333333 0.0640625 0.14791666666666667
1 0.33671875 0.159375 0.06875 0.17291666666666666
1 0.60078125 0.7854166666666667 0.1640625 0.42916666666666664
1 0.82890625 0.528125 0.1296875 0.19791666666666666
1 0.68671875 0.36875 0.0953125 0.24166666666666667
5 0.559375 0.12604166666666666 0.0703125 0.18125
5 0.6140625 0.3958333333333333 0.134375 0.325
1 0.8234375 0.334375 0.05 0.13541666666666666
5 0.96796875 0.2875 0.0640625 0.10416666666666667