3 0.52890625 0.03958333333333333 0.0453125 0.05625
3 0.7625 0.16666666666666666 0.0875 0.26666666666666666
3 0.2484375 0.09166666666666666 0.078125 0.15416666666666667
6 0.43046875 0.31145833333333334 0.0765625 0.14166666666666666
6 0.32109375 0.19270833333333334 0.05 0.07916666666666666
6 0.4609375 0.09375 0.0453125 0.058333333333333334
5 0.4734375 0.13958333333333334 0.0796875 0.1625
5 0.40390625 0.36041666666666666 0.15625 0.275
5 0.30703125 0.26875 0.1140625 0.2625
1 0.91015625 0.23645833333333333 0.103125 0.22291666666666668
1 0.821875 0.13854166666666667 0.0671875 0.16458333333333333
1 0.7109375 0.22916666666666666 0.0640625 0.17083333333333334
1 0.3484375 0.7520833333333333 0.1296875 0.43333333333333335
1 0.17578125 0.415625 0.09375 0.23125
1 0.1734375 0.21145833333333333 0.0890625 0.20416666666666666
1 0.065625 0.19479166666666667 0.071875 0.08958333333333333