3 0.33359375 0.059375 0.03671875 0.09375
1 0.08203125 0.21354166666666666 0.06640625 0.15416666666666667
1 0.196875 0.12083333333333333 0.05546875 0.15625
1 0.62734375 0.790625 0.08671875 0.3885416666666667
1 0.81484375 0.49583333333333335 0.10625 0.2
1 0.80859375 0.2375 0.065625 0.18229166666666666
1 0.91484375 0.21666666666666667 0.05078125 0.09583333333333334
6 0.28984375 0.09479166666666666 0.0484375 0.09375
6 0.52734375 0.09583333333333334 0.0328125 0.065625
6 0.5734375 0.3020833333333333 0.05 0.11875
6 0.68984375 0.20208333333333334 0.046875 0.10625
5 0.29453125 0.16145833333333334 0.075 0.23229166666666667
5 0.528125 0.1125 0.059375 0.14895833333333333
5 0.60078125 0.359375 0.1109375 0.28541666666666665
5 0.69375 0.2875 0.07265625 0.2833333333333333