3 0.41875 0.042708333333333334 0.046875 0.08541666666666667
3 0.72890625 0.07604166666666666 0.0546875 0.103125
3 0.64921875 0.0375 0.0484375 0.075
3 0.81015625 0.21145833333333333 0.0484375 0.071875
6 0.60078125 0.2833333333333333 0.0421875 0.09479166666666666
6 0.5625 0.10104166666666667 0.040625 0.046875
5 0.5484375 0.13125 0.06953125 0.159375
5 0.6125 0.37395833333333334 0.115625 0.28541666666666665
1 0.72578125 0.371875 0.0765625 0.2
1 0.66328125 0.7760416666666666 0.1203125 0.43020833333333336
1 0.85390625 0.20833333333333334 0.0546875 0.18333333333333332
1 0.8359375 0.484375 0.11875 0.196875
1 0.10625 0.19166666666666668 0.059375 0.14479166666666668
1 0.21640625 0.090625 0.0734375 0.13645833333333332
1 0.3265625 0.17604166666666668 0.06875 0.15833333333333333
1 0.95546875 0.25 0.0484375 0.071875