1 0.5 0.14791666666666667 0.05703125 0.12916666666666668
1 0.15234375 0.10208333333333333 0.05 0.14895833333333333
1 0.04296875 0.16770833333333332 0.03984375 0.16458333333333333
1 0.2625 0.16875 0.0625 0.16666666666666666
1 0.58984375 0.7854166666666667 0.08203125 0.36354166666666665
1 0.77734375 0.4739583333333333 0.125 0.17916666666666667
3 0.73828125 0.09895833333333333 0.03515625 0.08541666666666667
6 0.54765625 0.284375 0.05 0.09895833333333333
6 0.671875 0.20416666666666666 0.05390625 0.10625
6 0.93125 0.2604166666666667 0.02734375 0.10104166666666667
5 0.934375 0.23229166666666667 0.10546875 0.09583333333333334
5 0.58046875 0.37604166666666666 0.1125 0.27291666666666664
5 0.671875 0.26145833333333335 0.0625 0.23958333333333334
5 0.74921875 0.23125 0.04375 0.2
6 0.7375 0.17083333333333334 0.02578125 0.08333333333333333