3 0.29453125 0.08958333333333333 0.0453125 0.09791666666666667
1 0.05859375 0.2833333333333333 0.0796875 0.16458333333333333
1 0.16484375 0.17291666666666666 0.0703125 0.16458333333333333
1 0.653125 0.7677083333333333 0.121875 0.4
1 0.8125 0.44479166666666664 0.1234375 0.21666666666666667
1 0.78203125 0.18958333333333333 0.08125 0.19166666666666668
1 0.8859375 0.15104166666666666 0.059375 0.10416666666666667
6 0.2546875 0.13229166666666667 0.05625 0.1
6 0.48984375 0.09479166666666666 0.0390625 0.07083333333333333
6 0.5546875 0.2916666666666667 0.0609375 0.12708333333333333
6 0.6609375 0.17395833333333333 0.05625 0.1125
5 0.26484375 0.196875 0.0953125 0.24166666666666667
5 0.4921875 0.11041666666666666 0.071875 0.15833333333333333
5 0.5875 0.34375 0.1359375 0.3020833333333333
5 0.67265625 0.25729166666666664 0.096875 0.29375