1 0.16015625 0.11666666666666667 0.05078125 0.171875
1 0.05625 0.178125 0.0609375 0.15416666666666667
1 0.6046875 0.7604166666666666 0.109375 0.36354166666666665
1 0.78359375 0.459375 0.10390625 0.18229166666666666
1 0.771875 0.22708333333333333 0.03828125 0.16145833333333334
1 0.51796875 0.16458333333333333 0.0609375 0.090625
6 0.26171875 0.08958333333333333 0.03515625 0.078125
6 0.60234375 0.3145833333333333 0.059375 0.13854166666666667
6 0.940625 0.265625 0.03671875 0.09583333333333334
5 0.27734375 0.14479166666666668 0.06640625 0.23020833333333332
5 0.6015625 0.3645833333333333 0.06953125 0.2552083333333333
5 0.946875 0.265625 0.10625 0.09583333333333334
3 0.77890625 0.09375 0.05234375 0.06041666666666667
6 0.69140625 0.225 0.03984375 0.08125
5 0.6953125 0.3177083333333333 0.08671875 0.2625