3 0.61484375 0.3802083333333333 0.0953125 0.14479166666666668
3 0.78671875 0.12395833333333334 0.0703125 0.125
3 0.53125 0.0625 0.05625 0.08020833333333334
6 0.30234375 0.09895833333333333 0.05078125 0.07604166666666666
6 0.715625 0.234375 0.05703125 0.08541666666666667
6 0.7921875 0.18229166666666666 0.04140625 0.06041666666666667
1 0.634375 0.7791666666666667 0.0921875 0.3
1 0.82890625 0.471875 0.10625 0.20729166666666668
1 0.96796875 0.25833333333333336 0.05859375 0.08854166666666667
1 0.659375 0.31666666666666665 0.08828125 0.103125
1 0.11171875 0.16770833333333332 0.08125 0.14375
1 0.21484375 0.11770833333333333 0.06953125 0.17395833333333333
5 0.30390625 0.165625 0.06796875 0.2552083333333333
5 0.7203125 0.31145833333333334 0.07421875 0.28020833333333334
5 0.80390625 0.23333333333333334 0.09375 0.19479166666666667
1 0.54921875 0.16770833333333332 0.05 0.12395833333333334