3 0.24140625 0.45625 0.1703125 0.5083333333333333
3 0.56015625 0.096875 0.04375 0.12083333333333333
3 0.46328125 0.1625 0.075 0.12083333333333333
6 0.60546875 0.31666666666666665 0.0625 0.13958333333333334
6 0.5890625 0.109375 0.040625 0.075
5 0.5828125 0.146875 0.071875 0.15833333333333333
5 0.61640625 0.38645833333333335 0.134375 0.32083333333333336
1 0.1265625 0.12604166666666666 0.078125 0.13333333333333333
1 0.23515625 0.06041666666666667 0.0765625 0.12083333333333333
1 0.33046875 0.13854166666666667 0.0671875 0.13125
1 0.61484375 0.771875 0.109375 0.3729166666666667
1 0.82890625 0.5010416666666667 0.078125 0.18125
1 0.97578125 0.31354166666666666 0.0484375 0.08958333333333333
1 0.84375 0.2677083333333333 0.0703125 0.2125
1 0.75 0.378125 0.1046875 0.16458333333333333