3 0.71171875 0.10729166666666666 0.0703125 0.11458333333333333
3 0.17265625 0.27708333333333335 0.06875 0.12291666666666666
3 0.1546875 0.15208333333333332 0.0546875 0.10208333333333333
3 0.44765625 0.059375 0.03125 0.0625
6 0.1859375 0.21979166666666666 0.034375 0.06875
6 0.01015625 0.2833333333333333 0.0203125 0.14583333333333334
1 0.86953125 0.134375 0.0671875 0.12708333333333333
1 0.76640625 0.09270833333333334 0.0703125 0.18541666666666667
1 0.39765625 0.7979166666666667 0.1046875 0.3625
1 0.35625 0.41458333333333336 0.0953125 0.24791666666666667
1 0.30625 0.36041666666666666 0.0828125 0.26875
1 0.16875 0.5270833333333333 0.1328125 0.2125
1 0.6640625 0.15833333333333333 0.0421875 0.12083333333333333
5 0.2046875 0.28958333333333336 0.0890625 0.24583333333333332
5 0.03515625 0.26666666666666666 0.0703125 0.11666666666666667