3 0.46640625 0.030208333333333334 0.0421875 0.06041666666666667
3 0.14375 0.4510416666666667 0.0890625 0.14791666666666667
6 0.26640625 0.209375 0.0625 0.06458333333333334
6 0.709375 0.10520833333333333 0.0546875 0.06041666666666667
6 0.45625 0.09479166666666666 0.0296875 0.07291666666666667
6 0.20859375 0.15520833333333334 0.053125 0.09166666666666666
1 0.346875 0.7708333333333334 0.1171875 0.36041666666666666
1 0.35859375 0.3770833333333333 0.0859375 0.25416666666666665
1 0.053125 0.20208333333333334 0.065625 0.11041666666666666
1 0.203125 0.44583333333333336 0.0765625 0.12083333333333333
1 0.9078125 0.22395833333333334 0.0875 0.13958333333333334
1 0.80234375 0.12708333333333333 0.0625 0.15
5 0.70078125 0.16666666666666666 0.078125 0.23541666666666666
5 0.4609375 0.125 0.071875 0.15416666666666667
5 0.26796875 0.25625 0.0921875 0.19166666666666668
5 0.19609375 0.18333333333333332 0.0890625 0.19375