3 0.578125 0.11979166666666667 0.0484375 0.18958333333333333
3 0.5390625 0.525 0.08125 0.39375
1 0.6421875 0.7614583333333333 0.121875 0.28541666666666665
1 0.85390625 0.5041666666666667 0.13046875 0.24479166666666666
1 0.97890625 0.25104166666666666 0.0421875 0.15208333333333332
1 0.83984375 0.24583333333333332 0.06640625 0.225
1 0.22734375 0.10729166666666666 0.06796875 0.17395833333333333
1 0.09921875 0.17291666666666666 0.10234375 0.21458333333333332
6 0.3234375 0.10520833333333333 0.05 0.053125
6 0.559375 0.09583333333333334 0.034375 0.08125
6 0.63671875 0.30416666666666664 0.08125 0.10833333333333334
6 0.71484375 0.2125 0.05390625 0.090625
5 0.71328125 0.40625 0.10234375 0.2875
5 0.3328125 0.18229166666666666 0.078125 0.15104166666666666
5 0.5546875 0.16145833333333334 0.05546875 0.12604166666666666