3 0.79375 0.24166666666666667 0.05625 0.12916666666666668
3 0.1421875 0.059375 0.065625 0.11875
1 0.11640625 0.16041666666666668 0.065625 0.13125
1 0.2203125 0.09270833333333334 0.0671875 0.14375
1 0.60703125 0.7864583333333334 0.115625 0.375
1 0.70546875 0.365625 0.0609375 0.19791666666666666
1 0.825 0.5041666666666667 0.109375 0.21875
1 0.9359375 0.27291666666666664 0.0609375 0.13333333333333333
5 0.6078125 0.3541666666666667 0.1265625 0.2708333333333333
5 0.32734375 0.13958333333333334 0.084375 0.19791666666666666
5 0.56328125 0.121875 0.0890625 0.19791666666666666
6 0.321875 0.1 0.05625 0.08333333333333333
6 0.56015625 0.08541666666666667 0.0609375 0.08125
6 0.59375 0.30520833333333336 0.06875 0.13541666666666666
1 0.8453125 0.24583333333333332 0.0578125 0.15