3 0.7 0.04583333333333333 0.0453125 0.07604166666666666
3 0.69765625 0.153125 0.05390625 0.11875
6 0.60390625 0.30520833333333336 0.05078125 0.10625
6 0.2609375 0.084375 0.04140625 0.08854166666666667
6 0.9421875 0.2604166666666667 0.04140625 0.08125
5 0.28046875 0.14895833333333333 0.08984375 0.19166666666666668
5 0.59375 0.3770833333333333 0.06796875 0.29583333333333334
5 0.94140625 0.24375 0.11328125 0.08854166666666667
1 0.609375 0.775 0.1078125 0.39895833333333336
1 0.7921875 0.4739583333333333 0.109375 0.21458333333333332
1 0.7015625 0.35 0.09921875 0.17395833333333333
1 0.77578125 0.23333333333333334 0.065625 0.184375
1 0.16171875 0.11354166666666667 0.065625 0.16145833333333334
1 0.05859375 0.17291666666666666 0.03984375 0.17916666666666667
1 0.50546875 0.165625 0.04296875 0.09895833333333333