3 0.48046875 0.04791666666666667 0.0734375 0.09583333333333334
3 0.403125 0.14375 0.04375 0.08541666666666667
1 0.8546875 0.14166666666666666 0.1171875 0.20416666666666666
1 0.64296875 0.140625 0.078125 0.17083333333333334
1 0.759375 0.059375 0.09375 0.11875
1 0.38984375 0.8072916666666666 0.1328125 0.30625
1 0.16953125 0.5135416666666667 0.1171875 0.2375
1 0.13359375 0.26979166666666665 0.0765625 0.18125
1 0.24765625 0.3729166666666667 0.0859375 0.16041666666666668
1 0.35390625 0.3729166666666667 0.0859375 0.20208333333333334
6 0.01875 0.32395833333333335 0.0375 0.13125
6 0.4171875 0.11770833333333333 0.0265625 0.08125
5 0.43046875 0.17604166666666668 0.0375 0.08541666666666667
5 0.025 0.325 0.05 0.08333333333333333