1 0.0671875 0.2552083333333333 0.0859375 0.14166666666666666
1 0.16640625 0.16666666666666666 0.0703125 0.18125
1 0.65625 0.7614583333333333 0.1578125 0.37083333333333335
1 0.8046875 0.41458333333333336 0.128125 0.23333333333333334
1 0.7859375 0.19270833333333334 0.075 0.19791666666666666
1 0.8984375 0.16458333333333333 0.0671875 0.11875
6 0.25859375 0.1375 0.0515625 0.08333333333333333
6 0.4953125 0.09791666666666667 0.046875 0.07291666666666667
6 0.56953125 0.284375 0.0515625 0.09583333333333334
6 0.6765625 0.16041666666666668 0.059375 0.11458333333333333
5 0.26796875 0.16666666666666666 0.084375 0.22083333333333333
5 0.49765625 0.12083333333333333 0.0765625 0.17916666666666667
5 0.590625 0.35833333333333334 0.115625 0.2604166666666667
5 0.6796875 0.24270833333333333 0.0953125 0.3145833333333333