3 0.91953125 0.175 0.0640625 0.13333333333333333
3 0.64765625 0.25104166666666666 0.0671875 0.153125
3 0.6203125 0.021875 0.040625 0.04375
1 0.1078125 0.18020833333333333 0.0625 0.2
1 0.21328125 0.096875 0.0765625 0.128125
1 0.31875 0.171875 0.059375 0.13333333333333333
1 0.634375 0.7447916666666666 0.10625 0.4
1 0.85625 0.4625 0.1625 0.18020833333333333
1 0.84296875 0.22916666666666666 0.0578125 0.20833333333333334
1 0.971875 0.26145833333333335 0.05625 0.06666666666666667
1 0.75234375 0.3458333333333333 0.0984375 0.175
1 0.63125 0.3375 0.08125 0.11354166666666667
6 0.5625 0.1125 0.040625 0.103125
5 0.56484375 0.11354166666666667 0.0578125 0.15520833333333334