3 0.83671875 0.29375 0.0765625 0.3104166666666667
6 0.64765625 0.2875 0.03984375 0.08541666666666667
6 0.69296875 0.3145833333333333 0.03671875 0.08854166666666667
6 0.3140625 0.09375 0.0453125 0.04583333333333333
6 0.5515625 0.07604166666666666 0.02421875 0.05
1 0.13359375 0.17708333333333334 0.1078125 0.11145833333333334
1 0.215625 0.12083333333333333 0.096875 0.18645833333333334
1 0.65390625 0.728125 0.12109375 0.3614583333333333
1 0.84453125 0.525 0.13203125 0.29270833333333335
1 0.96484375 0.265625 0.05390625 0.12604166666666666
5 0.325 0.18958333333333333 0.08828125 0.13645833333333332
5 0.54765625 0.17708333333333334 0.0328125 0.10625
5 0.7234375 0.396875 0.08125 0.13645833333333332