3 0.32890625 0.041666666666666664 0.0296875 0.08333333333333333
6 0.28046875 0.09895833333333333 0.0328125 0.065625
6 0.54921875 0.10208333333333333 0.02421875 0.07291666666666667
6 0.59140625 0.28125 0.03515625 0.07291666666666667
6 0.7 0.2125 0.05078125 0.09583333333333334
1 0.0859375 0.175 0.078125 0.12916666666666668
1 0.62109375 0.7916666666666666 0.10078125 0.37604166666666666
1 0.19375 0.11354166666666667 0.07265625 0.15625
1 0.81015625 0.47604166666666664 0.0953125 0.16458333333333333
1 0.8078125 0.21666666666666667 0.03828125 0.171875
1 0.91875 0.22083333333333333 0.059375 0.103125
5 0.290625 0.15625 0.08125 0.19166666666666668
5 0.54296875 0.12916666666666668 0.065625 0.17708333333333334
5 0.6046875 0.3625 0.10625 0.26979166666666665
5 0.6875 0.28020833333333334 0.065625 0.27291666666666664