3 0.76953125 0.08854166666666667 0.059375 0.075
1 0.04453125 0.18854166666666666 0.0671875 0.11458333333333333
1 0.1609375 0.11458333333333333 0.05625 0.1625
1 0.63125 0.7760416666666666 0.146875 0.42916666666666664
1 0.77734375 0.453125 0.1078125 0.19375
1 0.78125 0.21458333333333332 0.0671875 0.18541666666666667
6 0.66328125 0.19270833333333334 0.0609375 0.11875
6 0.5921875 0.2947916666666667 0.065625 0.11041666666666666
6 0.2578125 0.09270833333333334 0.0390625 0.06458333333333334
5 0.26796875 0.16979166666666667 0.0765625 0.20416666666666666
5 0.59140625 0.37083333333333335 0.0984375 0.26875
5 0.66484375 0.2760416666666667 0.06875 0.26458333333333334
5 0.934375 0.22083333333333333 0.1078125 0.09791666666666667
6 0.93515625 0.22708333333333333 0.034375 0.10833333333333334
1 0.5109375 0.146875 0.0546875 0.14791666666666667