3 0.04296875 0.3489583333333333 0.0859375 0.22708333333333333
3 0.74140625 0.0375 0.0484375 0.075
3 0.2890625 0.15416666666666667 0.05625 0.20416666666666666
6 0.2359375 0.15729166666666666 0.0375 0.09583333333333334
6 0.93828125 0.153125 0.06875 0.13333333333333333
6 0.5453125 0.28020833333333334 0.0671875 0.11666666666666667
5 0.2578125 0.20208333333333334 0.1015625 0.25833333333333336
5 0.565625 0.31875 0.14375 0.2791666666666667
5 0.9171875 0.14479166666666668 0.1125 0.09791666666666667
1 0.0375 0.240625 0.0609375 0.13125
1 0.13828125 0.16145833333333334 0.071875 0.1875
1 0.62734375 0.7614583333333333 0.13125 0.3958333333333333
1 0.7953125 0.415625 0.1171875 0.19791666666666666
1 0.675 0.328125 0.0765625 0.20833333333333334
1 0.75234375 0.203125 0.0625 0.18958333333333333
1 0.49375 0.14583333333333334 0.0640625 0.12083333333333333