3 0.734375 0.07604166666666666 0.05 0.08125
3 0.7234375 0.18229166666666666 0.0640625 0.125
6 0.61875 0.32083333333333336 0.059375 0.1125
6 0.29453125 0.053125 0.0484375 0.09375
6 0.95859375 0.3229166666666667 0.046875 0.08541666666666667
5 0.309375 0.11979166666666667 0.1046875 0.20208333333333334
5 0.603125 0.390625 0.090625 0.30416666666666664
5 0.94921875 0.30625 0.1015625 0.10416666666666667
1 0.5875 0.7885416666666667 0.1375 0.4125
1 0.79296875 0.5145833333333333 0.125 0.22916666666666666
1 0.7125 0.37916666666666665 0.1125 0.1875
1 0.7953125 0.27291666666666664 0.0796875 0.19166666666666668
1 0.19375 0.07604166666666666 0.078125 0.15208333333333332
1 0.08671875 0.11354166666666667 0.053125 0.18333333333333332
1 0.53203125 0.16770833333333332 0.05 0.10416666666666667