3 0.5828125 0.22083333333333333 0.03828125 0.09375
3 0.83359375 0.075 0.05078125 0.14375
3 0.54375 0.06145833333333333 0.0453125 0.07291666666666667
6 0.60625 0.2916666666666667 0.0484375 0.08333333333333333
6 0.79140625 0.2 0.059375 0.12083333333333333
6 0.984375 0.215625 0.03125 0.15416666666666667
1 0.11015625 0.18854166666666666 0.075 0.20416666666666666
1 0.20078125 0.11666666666666667 0.0640625 0.17708333333333334
1 0.31015625 0.18541666666666667 0.046875 0.17395833333333333
1 0.63984375 0.790625 0.109375 0.4041666666666667
1 0.81953125 0.475 0.10546875 0.15625
1 0.69140625 0.3385416666666667 0.05390625 0.22708333333333333
1 0.546875 0.165625 0.034375 0.103125
5 0.58984375 0.3885416666666667 0.125 0.31354166666666666
5 0.79609375 0.24166666666666667 0.10078125 0.23020833333333332
5 0.95859375 0.23020833333333332 0.0796875 0.12083333333333333