3 0.690625 0.25416666666666665 0.03984375 0.103125
3 0.45859375 0.15520833333333334 0.03984375 0.10833333333333334
3 0.51875 0.04375 0.053125 0.0875
6 0.7921875 0.184375 0.03828125 0.07083333333333333
6 0.98203125 0.2375 0.0359375 0.18020833333333333
3 0.73984375 0.07916666666666666 0.05703125 0.13854166666666667
1 0.1078125 0.171875 0.0625 0.11145833333333334
1 0.2046875 0.11875 0.0625 0.19166666666666668
1 0.31015625 0.18854166666666666 0.05234375 0.184375
1 0.63359375 0.7979166666666667 0.09375 0.4041666666666667
1 0.83984375 0.5041666666666667 0.10078125 0.24479166666666666
1 0.64453125 0.39166666666666666 0.05078125 0.2125
1 0.69375 0.340625 0.046875 0.21666666666666667
5 0.80546875 0.25416666666666665 0.06796875 0.184375
5 0.9625 0.2552083333333333 0.075 0.08541666666666667
1 0.54609375 0.18333333333333332 0.03828125 0.11875