1 0.09140625 0.15520833333333334 0.05234375 0.13333333333333333
1 0.190625 0.11458333333333333 0.05390625 0.14375
1 0.6203125 0.8 0.11484375 0.37395833333333334
1 0.80625 0.48020833333333335 0.09765625 0.20208333333333334
1 0.79609375 0.234375 0.04375 0.15625
1 0.93515625 0.23229166666666667 0.10625 0.12604166666666666
1 0.63125 0.3572916666666667 0.06640625 0.21979166666666666
6 0.284375 0.103125 0.04296875 0.090625
6 0.54609375 0.10104166666666667 0.05 0.08125
6 0.7 0.22604166666666667 0.03984375 0.06770833333333333
3 0.3203125 0.035416666666666666 0.03828125 0.07083333333333333
3 0.6 0.34479166666666666 0.075 0.12395833333333334
5 0.29296875 0.15416666666666667 0.0796875 0.24791666666666667
5 0.54296875 0.13854166666666667 0.065625 0.15625
5 0.69921875 0.2875 0.06640625 0.2625