1 0.0921875 0.17083333333333334 0.0625 0.14375
1 0.196875 0.11354166666666667 0.05234375 0.15104166666666666
1 0.6203125 0.7677083333333333 0.0953125 0.35833333333333334
1 0.81953125 0.48854166666666665 0.1078125 0.21979166666666666
1 0.81171875 0.21979166666666666 0.05 0.18645833333333334
1 0.9265625 0.23645833333333333 0.06953125 0.159375
6 0.53515625 0.10729166666666666 0.046875 0.078125
6 0.29453125 0.11666666666666667 0.04375 0.08541666666666667
6 0.5875 0.31354166666666666 0.0640625 0.11666666666666667
6 0.70703125 0.23854166666666668 0.0453125 0.08333333333333333
5 0.303125 0.15520833333333334 0.0609375 0.19479166666666667
5 0.5359375 0.13854166666666667 0.06640625 0.21666666666666667
5 0.59609375 0.38125 0.1265625 0.2625
5 0.69921875 0.309375 0.0796875 0.3