3 0.35625 0.027083333333333334 0.04375 0.05416666666666667
3 0.85234375 0.2677083333333333 0.065625 0.15416666666666667
6 0.71796875 0.24583333333333332 0.0640625 0.10833333333333334
6 0.3171875 0.06145833333333333 0.0515625 0.06458333333333334
6 0.55546875 0.10208333333333333 0.05 0.07083333333333333
5 0.32109375 0.11770833333333333 0.084375 0.20833333333333334
5 0.55390625 0.15 0.06875 0.16666666666666666
5 0.70625 0.3302083333333333 0.09375 0.275
1 0.10703125 0.13333333333333333 0.0828125 0.17708333333333334
1 0.2296875 0.08125 0.06875 0.1625
1 0.5828125 0.7875 0.171875 0.425
1 0.80234375 0.5208333333333334 0.1046875 0.19583333333333333
1 0.93828125 0.27291666666666664 0.0890625 0.16875
1 0.8109375 0.26666666666666666 0.0515625 0.18125