3 0.61953125 0.21458333333333332 0.05078125 0.12604166666666666
3 0.8046875 0.058333333333333334 0.07265625 0.065625
6 0.603125 0.2916666666666667 0.04140625 0.06354166666666666
6 0.54296875 0.103125 0.03671875 0.05
6 0.80078125 0.190625 0.03515625 0.07291666666666667
6 0.98515625 0.22708333333333333 0.0296875 0.16666666666666666
1 0.625 0.7572916666666667 0.1078125 0.29270833333333335
1 0.81015625 0.484375 0.0953125 0.18645833333333334
1 0.68359375 0.34375 0.06953125 0.2125
1 0.09375 0.2125 0.07109375 0.15104166666666666
1 0.19921875 0.10833333333333334 0.0609375 0.171875
1 0.30546875 0.18541666666666667 0.0484375 0.2
5 0.609375 0.3770833333333333 0.08828125 0.2552083333333333
5 0.7921875 0.25104166666666666 0.05546875 0.21979166666666666
5 0.95859375 0.23020833333333332 0.0828125 0.15520833333333334