3 0.18984375 0.16145833333333334 0.078125 0.14375
1 0.07890625 0.21145833333333333 0.0546875 0.11041666666666666
1 0.17578125 0.096875 0.053125 0.0875
1 0.6328125 0.7479166666666667 0.1109375 0.32916666666666666
1 0.81796875 0.46770833333333334 0.0984375 0.22291666666666668
1 0.79921875 0.221875 0.0609375 0.19583333333333333
1 0.9109375 0.18125 0.0625 0.12916666666666668
6 0.2765625 0.11458333333333333 0.0375 0.07708333333333334
6 0.509375 0.09375 0.0265625 0.04583333333333333
6 0.58359375 0.2791666666666667 0.0671875 0.11041666666666666
6 0.69609375 0.225 0.053125 0.09791666666666667
5 0.290625 0.16875 0.0859375 0.24166666666666667
5 0.52109375 0.134375 0.0609375 0.17083333333333334
5 0.59765625 0.3302083333333333 0.1140625 0.23125
5 0.69765625 0.2791666666666667 0.0765625 0.2833333333333333