3 0.52578125 0.05520833333333333 0.0296875 0.09479166666666666
3 0.61875 0.375 0.0875 0.16145833333333334
3 0.75 0.09166666666666666 0.046875 0.18333333333333332
1 0.63515625 0.7677083333333333 0.0953125 0.3302083333333333
1 0.83671875 0.4510416666666667 0.1421875 0.11354166666666667
1 0.9578125 0.25 0.05 0.08854166666666667
1 0.10703125 0.18229166666666666 0.1078125 0.16979166666666667
1 0.21484375 0.125 0.0671875 0.178125
1 0.6578125 0.30104166666666665 0.075 0.10833333333333334
5 0.296875 0.1625 0.08125 0.25833333333333336
5 0.71328125 0.3260416666666667 0.0859375 0.2875
5 0.81875 0.23229166666666667 0.09375 0.23020833333333332
1 0.54140625 0.16979166666666667 0.0359375 0.10520833333333333
6 0.2984375 0.09166666666666666 0.06875 0.071875
6 0.709375 0.22916666666666666 0.065625 0.075
6 0.80859375 0.18333333333333332 0.0578125 0.078125