6 0.2671875 0.09895833333333333 0.05390625 0.07604166666666666
6 0.55234375 0.284375 0.059375 0.09375
5 0.2671875 0.13854166666666667 0.07421875 0.19166666666666668
5 0.571875 0.35833333333333334 0.13515625 0.2625
5 0.94609375 0.23020833333333332 0.1078125 0.12083333333333333
6 0.95234375 0.2520833333333333 0.0953125 0.08541666666666667
1 0.05078125 0.17291666666666666 0.06953125 0.14895833333333333
1 0.1609375 0.10520833333333333 0.0609375 0.14895833333333333
1 0.51328125 0.146875 0.06640625 0.11145833333333334
1 0.60546875 0.7802083333333333 0.12890625 0.4239583333333333
1 0.68671875 0.359375 0.06640625 0.16875
1 0.784375 0.48333333333333334 0.08828125 0.2
1 0.76796875 0.22604166666666667 0.05859375 0.17916666666666667