3 0.48515625 0.12916666666666668 0.065625 0.09375
6 0.7296875 0.08958333333333333 0.0578125 0.07291666666666667
6 0.43671875 0.290625 0.0671875 0.10416666666666667
6 0.02109375 0.26875 0.0421875 0.0625
5 0.71640625 0.14583333333333334 0.090625 0.19166666666666668
5 0.42734375 0.384375 0.11875 0.3125
1 0.4015625 0.771875 0.1453125 0.36875
1 0.20625 0.46979166666666666 0.09375 0.19166666666666668
1 0.3015625 0.3614583333333333 0.071875 0.1875
1 0.209375 0.259375 0.0609375 0.18541666666666667
1 0.828125 0.103125 0.08125 0.20625
1 0.9328125 0.14791666666666667 0.0625 0.11875
5 0.05703125 0.2635416666666667 0.1140625 0.07291666666666667
1 0.465625 0.16145833333333334 0.05625 0.10208333333333333