3 0.7734375 0.06145833333333333 0.05234375 0.103125
3 0.57890625 0.16875 0.0609375 0.090625
6 0.59921875 0.2989583333333333 0.03984375 0.08854166666666667
6 0.53984375 0.08333333333333333 0.05078125 0.06041666666666667
3 0.8125 0.178125 0.05703125 0.078125
6 0.98671875 0.228125 0.02421875 0.12916666666666668
1 0.10625 0.16145833333333334 0.05703125 0.14166666666666666
1 0.20234375 0.10208333333333333 0.05234375 0.16458333333333333
1 0.3109375 0.184375 0.05703125 0.16666666666666666
1 0.6234375 0.78125 0.13046875 0.43645833333333334
1 0.8296875 0.4822916666666667 0.11640625 0.18229166666666666
1 0.67578125 0.34375 0.078125 0.23229166666666667
5 0.5296875 0.11979166666666667 0.05703125 0.17395833333333333
5 0.60546875 0.3802083333333333 0.1109375 0.3104166666666667
1 0.80859375 0.290625 0.03984375 0.13125
5 0.96015625 0.221875 0.0796875 0.09479166666666666