3 0.24453125 0.11979166666666667 0.0515625 0.1125
6 0.74375 0.0875 0.0484375 0.08125
6 0.4 0.3020833333333333 0.06875 0.12291666666666666
6 0.06015625 0.265625 0.034375 0.07083333333333333
6 0.3125 0.22916666666666666 0.0484375 0.09791666666666667
5 0.72421875 0.165625 0.084375 0.21041666666666667
5 0.39609375 0.36354166666666665 0.0796875 0.2708333333333333
5 0.30625 0.3072916666666667 0.06875 0.275
5 0.06875 0.246875 0.09375 0.07083333333333333
1 0.94140625 0.171875 0.0703125 0.09791666666666667
1 0.828125 0.08645833333333333 0.078125 0.17291666666666666
1 0.40625 0.7416666666666667 0.103125 0.3104166666666667
1 0.21015625 0.47604166666666664 0.096875 0.20833333333333334
1 0.21171875 0.25729166666666664 0.0609375 0.17083333333333334
1 0.48671875 0.171875 0.0484375 0.1125