3 0.11171875 0.196875 0.06953125 0.14166666666666666
1 0.06328125 0.17916666666666667 0.05 0.13125
1 0.19609375 0.12291666666666666 0.059375 0.16875
1 0.62265625 0.7833333333333333 0.10625 0.353125
1 0.81171875 0.47604166666666664 0.11796875 0.20416666666666666
1 0.80859375 0.234375 0.05078125 0.16666666666666666
1 0.91875 0.21666666666666667 0.05703125 0.10625
6 0.296875 0.09375 0.04296875 0.065625
6 0.52109375 0.08333333333333333 0.0453125 0.10104166666666667
6 0.69609375 0.24375 0.059375 0.07291666666666667
6 0.5859375 0.284375 0.06953125 0.09895833333333333
5 0.29140625 0.14166666666666666 0.07421875 0.221875
5 0.51796875 0.11354166666666667 0.06640625 0.20208333333333334
5 0.603125 0.33541666666666664 0.10390625 0.23229166666666667
5 0.6921875 0.29270833333333335 0.06953125 0.2520833333333333