1 0.09296875 0.18645833333333334 0.075 0.13125
1 0.19921875 0.11458333333333333 0.05390625 0.17395833333333333
1 0.63125 0.7854166666666667 0.1265625 0.353125
1 0.81015625 0.46458333333333335 0.109375 0.21666666666666667
1 0.81171875 0.24166666666666667 0.05859375 0.18958333333333333
1 0.92578125 0.23229166666666667 0.05859375 0.11145833333333334
6 0.29375 0.10104166666666667 0.0453125 0.07604166666666666
6 0.53203125 0.1 0.04140625 0.06770833333333333
6 0.5890625 0.296875 0.04375 0.08854166666666667
6 0.70625 0.19166666666666668 0.0484375 0.10625
5 0.3 0.13125 0.065625 0.2125
5 0.53203125 0.12291666666666666 0.0609375 0.16875
5 0.603125 0.37395833333333334 0.0921875 0.24791666666666667
5 0.7015625 0.27395833333333336 0.06796875 0.30520833333333336