3 0.64140625 0.3625 0.0734375 0.14375
3 0.7 0.06458333333333334 0.0390625 0.09583333333333334
6 0.31171875 0.203125 0.0484375 0.09166666666666666
6 0.478125 0.09791666666666667 0.034375 0.06875
6 0.73125 0.11145833333333334 0.034375 0.07291666666666667
5 0.72734375 0.165625 0.075 0.225
5 0.31171875 0.284375 0.075 0.225
5 0.4796875 0.12916666666666668 0.05625 0.14791666666666667
1 0.9296875 0.20729166666666668 0.06875 0.12916666666666668
1 0.821875 0.15833333333333333 0.078125 0.18958333333333333
1 0.35546875 0.7770833333333333 0.215625 0.4375
1 0.17890625 0.453125 0.1078125 0.21666666666666667
1 0.215625 0.19895833333333332 0.0765625 0.15
1 0.09140625 0.16979166666666667 0.0875 0.15625
1 0.3875 0.34791666666666665 0.0890625 0.23333333333333334