3 0.54296875 0.028125 0.0640625 0.05625
3 0.846875 0.19166666666666668 0.0671875 0.11666666666666667
6 0.3359375 0.06041666666666667 0.0765625 0.075
6 0.59140625 0.090625 0.0375 0.075
6 0.65546875 0.3489583333333333 0.0796875 0.14375
6 0.7203125 0.25625 0.084375 0.10625
1 0.1484375 0.10625 0.078125 0.13958333333333334
1 0.25 0.096875 0.0875 0.19375
1 0.6203125 0.7854166666666667 0.1578125 0.4166666666666667
1 0.82578125 0.5239583333333333 0.1140625 0.23333333333333334
1 0.96875 0.3302083333333333 0.0625 0.10208333333333333
1 0.8328125 0.33958333333333335 0.053125 0.11666666666666667
5 0.58984375 0.13541666666666666 0.08125 0.18333333333333332
5 0.72421875 0.340625 0.1140625 0.2833333333333333
5 0.64296875 0.4166666666666667 0.121875 0.2875