3 0.66171875 0.509375 0.15 0.4375
3 0.4625 0.053125 0.0421875 0.06458333333333334
6 0.4015625 0.30625 0.0640625 0.09791666666666667
6 0.4921875 0.09375 0.0015625 0.004166666666666667
6 0.45703125 0.09895833333333333 0.071875 0.03958333333333333
6 0.709375 0.10208333333333333 0.05 0.06041666666666667
5 0.709375 0.146875 0.0796875 0.19375
5 0.38984375 0.3927083333333333 0.1015625 0.3125
5 0.45234375 0.14583333333333334 0.084375 0.15833333333333333
1 0.37578125 0.7614583333333333 0.1078125 0.47291666666666665
1 0.18046875 0.49375 0.1171875 0.25833333333333336
1 0.1875 0.21875 0.075 0.15625
1 0.078125 0.21041666666666667 0.04375 0.10208333333333333
1 0.30234375 0.35104166666666664 0.0796875 0.24583333333333332
1 0.90390625 0.17395833333333333 0.0640625 0.10208333333333333
1 0.79609375 0.125 0.0875 0.17083333333333334