3 0.7109375 0.06458333333333334 0.046875 0.0875
1 0.8265625 0.159375 0.08125 0.20208333333333334
1 0.9359375 0.22916666666666666 0.0609375 0.12291666666666666
1 0.34453125 0.7729166666666667 0.153125 0.42916666666666664
1 0.18828125 0.4510416666666667 0.1484375 0.23541666666666666
1 0.2109375 0.1875 0.071875 0.15833333333333333
1 0.0859375 0.18541666666666667 0.096875 0.12708333333333333
6 0.74375 0.12395833333333334 0.040625 0.07708333333333334
6 0.48046875 0.09166666666666666 0.034375 0.06875
6 0.41328125 0.28958333333333336 0.0546875 0.0875
6 0.31484375 0.209375 0.0546875 0.0875
5 0.7328125 0.18541666666666667 0.084375 0.225
5 0.47578125 0.121875 0.06875 0.17916666666666667
5 0.40390625 0.35208333333333336 0.1015625 0.25625
5 0.31328125 0.25833333333333336 0.09375 0.2625