3 0.17890625 0.378125 0.0796875 0.2125
3 0.40078125 0.134375 0.071875 0.21041666666666667
6 0.3375 0.3260416666666667 0.0484375 0.12291666666666666
6 0.275 0.30520833333333336 0.0609375 0.09791666666666667
6 0.64921875 0.06145833333333333 0.075 0.09791666666666667
1 0.74453125 0.075 0.0765625 0.15
1 0.8515625 0.16770833333333332 0.1125 0.17291666666666666
1 0.3828125 0.7541666666666667 0.1625 0.3729166666666667
1 0.021875 0.35104166666666664 0.04375 0.16458333333333333
1 0.12734375 0.253125 0.046875 0.12916666666666668
5 0.64765625 0.15104166666666666 0.109375 0.18958333333333333
5 0.40703125 0.153125 0.096875 0.13333333333333333
5 0.26640625 0.4083333333333333 0.084375 0.175