3 0.50546875 0.12916666666666668 0.0625 0.090625
6 0.259375 0.10104166666666667 0.05546875 0.07083333333333333
6 0.5578125 0.2875 0.0640625 0.10104166666666667
6 0.97578125 0.246875 0.0484375 0.06145833333333333
5 0.27421875 0.15625 0.08515625 0.18645833333333334
5 0.56953125 0.38125 0.1109375 0.30833333333333335
1 0.60546875 0.7666666666666667 0.13671875 0.3614583333333333
1 0.79296875 0.45625 0.08984375 0.18958333333333333
1 0.69453125 0.35208333333333336 0.06796875 0.184375
1 0.784375 0.24583333333333332 0.05703125 0.184375
1 0.16171875 0.11875 0.0765625 0.20208333333333334
1 0.05859375 0.16875 0.059375 0.11666666666666667
5 0.9375 0.24375 0.11640625 0.06770833333333333
1 0.52578125 0.16041666666666668 0.05390625 0.09895833333333333