3 0.4421875 0.103125 0.0484375 0.0875
3 0.8265625 0.25625 0.1265625 0.2604166666666667
6 0.41875 0.309375 0.075 0.1875
6 0.72109375 0.11875 0.0390625 0.075
6 0.48203125 0.09895833333333333 0.0390625 0.08541666666666667
5 0.71015625 0.15625 0.090625 0.23541666666666666
5 0.4828125 0.13125 0.0703125 0.1625
5 0.409375 0.3729166666666667 0.14375 0.36041666666666666
1 0.353125 0.78125 0.15625 0.4125
1 0.1828125 0.446875 0.121875 0.22916666666666666
1 0.3203125 0.3104166666666667 0.090625 0.18541666666666667
1 0.20703125 0.17604166666666668 0.09375 0.175
1 0.08515625 0.18229166666666666 0.059375 0.15208333333333332
1 0.92578125 0.1875 0.0734375 0.07083333333333333
1 0.8140625 0.125 0.059375 0.13333333333333333