3 0.6109375 0.04895833333333333 0.04375 0.09791666666666667
3 0.64453125 0.09479166666666666 0.03671875 0.11354166666666667
6 0.54765625 0.26666666666666666 0.04140625 0.103125
6 0.275 0.11145833333333334 0.05546875 0.11666666666666667
6 0.9625 0.22708333333333333 0.05859375 0.13645833333333332
5 0.28359375 0.146875 0.06640625 0.196875
5 0.571875 0.3645833333333333 0.10625 0.3
5 0.92578125 0.21875 0.13515625 0.12916666666666668
1 0.0734375 0.184375 0.0640625 0.146875
1 0.15546875 0.109375 0.05546875 0.15416666666666667
1 0.625 0.796875 0.153125 0.40625
1 0.68515625 0.3177083333333333 0.05546875 0.18229166666666666
1 0.76953125 0.22708333333333333 0.034375 0.15104166666666666
1 0.7921875 0.48125 0.0953125 0.209375
1 0.5125 0.1625 0.05390625 0.09375