3 0.18671875 0.11770833333333333 0.0390625 0.05416666666666667
3 0.13359375 0.1375 0.0609375 0.11666666666666667
6 0.21484375 0.16458333333333333 0.046875 0.075
6 0.025 0.2125 0.0390625 0.13333333333333333
6 0.71015625 0.09479166666666666 0.053125 0.06458333333333334
5 0.6984375 0.165625 0.075 0.21458333333333332
5 0.2109375 0.21979166666666666 0.065625 0.20625
1 0.90390625 0.16979166666666667 0.0625 0.14375
1 0.8 0.115625 0.08125 0.17291666666666666
1 0.3640625 0.7802083333333333 0.13125 0.3770833333333333
1 0.35234375 0.38958333333333334 0.0734375 0.225
1 0.31328125 0.35 0.0765625 0.21666666666666667
1 0.17578125 0.48125 0.0953125 0.25
1 0.46796875 0.13020833333333334 0.0484375 0.14583333333333334
5 0.04296875 0.2125 0.06875 0.15