6 0.63046875 0.37604166666666666 0.059375 0.13645833333333332
6 0.2671875 0.10625 0.0453125 0.05
6 0.975 0.24375 0.05 0.103125
3 0.3046875 0.036458333333333336 0.03828125 0.06770833333333333
3 0.68671875 0.103125 0.04375 0.090625
3 0.278125 0.3614583333333333 0.0765625 0.16666666666666666
1 0.07890625 0.18541666666666667 0.0640625 0.15416666666666667
1 0.17890625 0.10520833333333333 0.096875 0.15416666666666667
1 0.62734375 0.78125 0.14375 0.43645833333333334
1 0.79140625 0.46041666666666664 0.09921875 0.17395833333333333
1 0.77265625 0.23020833333333332 0.059375 0.20208333333333334
1 0.69765625 0.353125 0.065625 0.20208333333333334
5 0.2734375 0.165625 0.07265625 0.19479166666666667
5 0.59765625 0.365625 0.121875 0.221875
5 0.94921875 0.221875 0.10078125 0.146875
1 0.52578125 0.175 0.059375 0.11875