3 0.6234375 0.040625 0.04375 0.08020833333333334
3 0.88828125 0.215625 0.0828125 0.13020833333333334
3 0.63828125 0.2760416666666667 0.0765625 0.096875
6 0.55859375 0.13958333333333334 0.05390625 0.11145833333333334
1 0.1078125 0.20416666666666666 0.078125 0.14166666666666666
1 0.64375 0.7302083333333333 0.10625 0.39479166666666665
1 0.8421875 0.5 0.1375 0.178125
1 0.98046875 0.23020833333333332 0.0390625 0.14479166666666668
1 0.821875 0.22083333333333333 0.065625 0.13020833333333334
1 0.7453125 0.328125 0.090625 0.16666666666666666
1 0.64765625 0.4114583333333333 0.0546875 0.2
1 0.21875 0.11354166666666667 0.059375 0.14479166666666668
1 0.31640625 0.190625 0.0703125 0.146875
5 0.5609375 0.13541666666666666 0.07265625 0.1625