1 0.65625 0.7427083333333333 0.165625 0.40208333333333335
1 0.828125 0.4166666666666667 0.1265625 0.23541666666666666
1 0.93359375 0.17708333333333334 0.08125 0.07291666666666667
1 0.08203125 0.24166666666666667 0.090625 0.16458333333333333
1 0.17734375 0.14895833333333333 0.0890625 0.18541666666666667
0 0.27265625 0.17708333333333334 0.1015625 0.21666666666666667
0 0.51953125 0.12083333333333333 0.08125 0.17083333333333334
0 0.7640625 0.20833333333333334 0.1078125 0.2791666666666667
0 0.66484375 0.3958333333333333 0.23125 0.34375
0 0.68046875 0.2375 0.1171875 0.21458333333333332
