1 0.64140625 0.7614583333333333 0.1171875 0.4
1 0.85390625 0.503125 0.1296875 0.23333333333333334
1 0.84296875 0.253125 0.0671875 0.18333333333333332
1 0.6234375 0.3385416666666667 0.0375 0.128125
1 0.1296875 0.17916666666666667 0.09375 0.14166666666666666
1 0.21953125 0.13229166666666667 0.0703125 0.196875
0 0.75390625 0.29583333333333334 0.08984375 0.18541666666666667
0 0.31484375 0.14895833333333333 0.07890625 0.21354166666666666
0 0.55546875 0.15833333333333333 0.06640625 0.2
0 0.965625 0.2708333333333333 0.06875 0.153125
