1 0.5 0.14791666666666667 0.05703125 0.12916666666666668
1 0.15234375 0.10208333333333333 0.05 0.14895833333333333
1 0.04296875 0.16770833333333332 0.03984375 0.16458333333333333
1 0.2625 0.16875 0.0625 0.16666666666666666
1 0.58984375 0.7854166666666667 0.08203125 0.36354166666666665
1 0.77734375 0.4739583333333333 0.125 0.17916666666666667
0 0.934375 0.23229166666666667 0.10546875 0.09583333333333334
0 0.58046875 0.37604166666666666 0.1125 0.27291666666666664
0 0.671875 0.26145833333333335 0.0625 0.23958333333333334
0 0.74921875 0.23125 0.04375 0.2
