1 0.6484375 0.7697916666666667 0.1265625 0.44166666666666665
1 0.6515625 0.3802083333333333 0.1 0.25833333333333336
1 0.8203125 0.45208333333333334 0.1078125 0.22083333333333333
1 0.94921875 0.22291666666666668 0.0640625 0.06666666666666667
1 0.08671875 0.20520833333333333 0.090625 0.18125
1 0.19296875 0.12291666666666666 0.0703125 0.15416666666666667
1 0.5296875 0.17604166666666668 0.046875 0.08541666666666667
0 0.290625 0.16041666666666668 0.08125 0.21875
0 0.71484375 0.28854166666666664 0.115625 0.29791666666666666
0 0.80078125 0.21458333333333332 0.1015625 0.23333333333333334
