1 0.12421875 0.16770833333333332 0.08046875 0.159375
1 0.2296875 0.10833333333333334 0.0578125 0.15
1 0.85859375 0.49375 0.0765625 0.20104166666666667
1 0.63828125 0.8020833333333334 0.10078125 0.34375
1 0.9828125 0.26666666666666666 0.02578125 0.07916666666666666
0 0.32890625 0.15 0.0765625 0.18333333333333332
0 0.57265625 0.13854166666666667 0.03984375 0.14166666666666666
0 0.63359375 0.30520833333333336 0.115625 0.1375
0 0.69453125 0.4708333333333333 0.12265625 0.34479166666666666
0 0.8015625 0.246875 0.0640625 0.20833333333333334
