0 0.62890625 0.38645833333333335 0.0796875 0.27291666666666664
0 0.565625 0.12291666666666666 0.0796875 0.16458333333333333
1 0.10859375 0.1875 0.0671875 0.13958333333333334
1 0.20859375 0.115625 0.0609375 0.19791666666666666
1 0.31328125 0.16770833333333332 0.0515625 0.18958333333333333
1 0.84453125 0.18854166666666666 0.0671875 0.06875
1 0.7390625 0.3416666666666667 0.0671875 0.18541666666666667
1 0.63125 0.7541666666666667 0.1265625 0.3770833333333333
1 0.83984375 0.43645833333333334 0.0453125 0.15625
1 0.9546875 0.22395833333333334 0.06875 0.14791666666666667
