1 0.50703125 0.146875 0.071875 0.16458333333333333
1 0.96171875 0.21666666666666667 0.05625 0.16041666666666668
1 0.86171875 0.14270833333333333 0.05625 0.17291666666666666
1 0.384375 0.7625 0.1046875 0.35
1 0.21484375 0.45 0.11875 0.19375
1 0.50546875 0.14166666666666666 0.0671875 0.1125
1 0.74609375 0.20833333333333334 0.0640625 0.19583333333333333
0 0.409375 0.37916666666666665 0.0984375 0.26666666666666666
0 0.34375 0.2625 0.075 0.25416666666666665
0 0.25390625 0.20104166666666667 0.0828125 0.2604166666666667
0 0.0640625 0.21354166666666666 0.109375 0.09583333333333334