0 0.28359375 0.153125 0.0578125 0.16041666666666668
0 0.95 0.25625 0.1 0.13333333333333333
1 0.078125 0.18645833333333334 0.0625 0.13125
1 0.18515625 0.12708333333333333 0.0578125 0.22083333333333333
1 0.6390625 0.8010416666666667 0.159375 0.39791666666666664
1 0.79140625 0.475 0.1078125 0.21666666666666667
1 0.7796875 0.23229166666666667 0.053125 0.20208333333333334
1 0.6125 0.35833333333333334 0.0625 0.2375
1 0.71171875 0.3614583333333333 0.0625 0.17291666666666666
1 0.51953125 0.15625 0.0390625 0.09583333333333334
