1 0.878125 0.21354166666666666 0.10625 0.22916666666666666
1 0.80390625 0.1 0.0546875 0.11875
1 0.6859375 0.175 0.0921875 0.15416666666666667
1 0.16953125 0.1875 0.0453125 0.14583333333333334
1 0.04609375 0.2125 0.078125 0.13125
1 0.16484375 0.4583333333333333 0.084375 0.15208333333333332
1 0.365625 0.7520833333333333 0.1078125 0.2708333333333333
1 0.28828125 0.37395833333333334 0.0390625 0.1375
0 0.36953125 0.3802083333333333 0.121875 0.30625
0 0.45234375 0.11979166666666667 0.0765625 0.17083333333333334
