1 0.6328125 0.7666666666666667 0.13125 0.38333333333333336
1 0.83359375 0.4708333333333333 0.1078125 0.21979166666666666
1 0.96015625 0.25 0.0765625 0.06145833333333333
1 0.10859375 0.17604166666666668 0.0765625 0.153125
1 0.21171875 0.09895833333333333 0.0734375 0.175
0 0.30390625 0.14270833333333333 0.0828125 0.20416666666666666
0 0.55390625 0.12708333333333333 0.06640625 0.16041666666666668
0 0.7890625 0.253125 0.084375 0.26666666666666666
0 0.6734375 0.4239583333333333 0.20390625 0.31354166666666666
0 0.703125 0.26875 0.09921875 0.20104166666666667
