1 0.1109375 0.140625 0.053125 0.13333333333333333
1 0.215625 0.08125 0.065625 0.1625
1 0.59140625 0.775 0.1359375 0.38333333333333336
1 0.81640625 0.521875 0.125 0.21666666666666667
1 0.82890625 0.25104166666666666 0.0453125 0.17708333333333334
1 0.934375 0.2635416666666667 0.0578125 0.10625
1 0.709375 0.37083333333333335 0.078125 0.21875
0 0.3265625 0.13333333333333333 0.0859375 0.22291666666666668
0 0.5453125 0.13958333333333334 0.0890625 0.21875
0 0.60859375 0.3885416666666667 0.1265625 0.27291666666666664
