0 0.27734375 0.15625 0.0640625 0.20729166666666668
0 0.58828125 0.38229166666666664 0.11640625 0.28020833333333334
0 0.94765625 0.23229166666666667 0.1046875 0.10625
1 0.06953125 0.178125 0.059375 0.12916666666666668
1 0.1609375 0.11458333333333333 0.08125 0.19479166666666667
1 0.61640625 0.803125 0.10234375 0.39375
1 0.7984375 0.46979166666666666 0.08515625 0.16145833333333334
1 0.6890625 0.35625 0.065625 0.20729166666666668
1 0.76640625 0.24166666666666667 0.05546875 0.16875
1 0.51796875 0.1625 0.04140625 0.09375
