1 0.884375 0.18541666666666667 0.084375 0.1625
1 0.78046875 0.12083333333333333 0.0625 0.15208333333333332
1 0.14140625 0.47708333333333336 0.08125 0.20416666666666666
1 0.35390625 0.7958333333333333 0.109375 0.35
1 0.0234375 0.24479166666666666 0.028125 0.08125
0 0.68046875 0.15833333333333333 0.08125 0.1875
0 0.43671875 0.13541666666666666 0.04375 0.14375
0 0.371875 0.2989583333333333 0.11875 0.14375
0 0.30625 0.46145833333333336 0.13125 0.35
0 0.20546875 0.23333333333333334 0.0703125 0.21041666666666667
