1 0.664837786259542 0.4923664122137404 0.19465648854961837 0.36895674300254455
1 0.7550095419847329 0.5184478371501272 0.035782442748091614 0.14122137404580148
1 0.7947280534351145 0.5159033078880407 0.029341603053435028 0.16921119592875322
1 0.8348043893129771 0.5146310432569974 0.03506679389312983 0.153944020356234
1 0.8745229007633588 0.5286259541984732 0.048664122137404564 0.18447837150127222
1 0.9489503816793894 0.6469465648854962 0.09589694656488557 0.37786259541984735
1 0.0869513358778626 0.6329516539440203 0.17104007633587787 0.3982188295165394
1 0.18642652671755727 0.52735368956743 0.05939885496183206 0.17430025445292618
1 0.22185114503816794 0.5368956743002545 0.04007633587786261 0.19083969465648853
1 0.2612118320610687 0.529262086513995 0.0543893129770992 0.17811704834605602
